262
1 1
1 2
2 3
2 5
2 2
4 4
3 8
2 11
4 13
2 17
4 19
8 8
13 16
2 29
8 29
4 37
2 41
4 43
16 37
16 43
2 59
8 59
4 67
2 71
8 71
4 79
16 73
8 89
4 97
2 101
4 103
2 107
4 109
16 16
32 32
2 61
63 64
4 127
64 73
2 137
64 64
2 19
21 128
2 149
8 149
32 131
4 163
16 157
16 163
2 179
63 128
2 191
4 193
2 197
32 179
32 191
4 223
2 227
4 229
16 223
2 239
16 107
123 128
16 241
64 199
128 128
13 256
2 269
8 269
4 277
2 281
16 277
128 179
4 307
2 311
4 313
2 73
75 256
2 79
81 256
16 331
2 347
4 349
103 256
8 359
4 113
117 256
32 347
4 379
16 373
8 389
4 397
8 401
163 256
2 419
64 367
2 431
8 431
4 439
16 433
8 449
4 457
2 461
4 463
16 463
8 479
4 487
8 491
4 499
2 251
253 256
64 457
2 521
32 509
128 419
16 541
16 547
256 313
2 569
8 569
16 571
16 577
256 256
4 83
87 512
2 599
8 599
101 512
4 613
2 617
32 599
64 577
2 641
4 643
256 397
16 643
2 659
32 641
4 673
64 619
8 683
8 181
189 512
8 701
256 463
8 719
32 701
227 512
4 739
8 743
4 241
245 512
4 757
8 761
4 769
128 659
64 733
4 293
297 512
2 809
64 757
2 821
4 823
2 827
16 823
32 821
4 853
2 857
4 859
16 349
365 512
4 877
2 881
4 883
16 379
395 512
4 907
8 911
256 673
8 929
4 937
64 883
16 937
128 839
4 967
2 463
465 512
16 967
8 983
64 421
485 512
32 977
4 1009
4 503
507 512
2 1019
64 967
2 1031
8 1031
16 1033
2 1049
64 997
2 1061
8 1061
512 512
63 1024
4 1087
2 1091
4 1093
16 1087
16 1093
8 1109
32 1091
32 1097
64 1087
2 1151
139 1024
8 1163
64 1117
16 1171
64 1129
8 1193
32 1181
4 1213
199 1024
16 1213
2 1229
8 1229
32 1217
2 233
235 1024
64 1213
2 1277
4 1279
256 1033
2 1289
8 1289
4 1297
2 1301
4 1303
16 1303
2 1319
8 1319
64 1297
64 1303
256 1117
8 1373
32 1367
256 1153
512 911
4 1423
2 1427
4 1429
16 1423
8 1439
4 1447
2 1451
8 1451
32 1439
457 1024
2 1481
4 1483
