246
1 1
1 2
1 3
1 4
1 5
1 6
1 7
2 8
1 10
1 11
1 12
1 13
3 14
1 17
1 18
4 19
6 23
2 29
6 31
4 37
2 41
4 43
6 47
6 53
2 59
6 61
4 67
2 71
6 73
4 79
6 83
8 89
4 97
2 101
4 103
2 107
4 109
14 113
4 127
6 131
2 137
10 139
2 149
6 151
6 157
4 163
6 167
6 173
2 179
10 181
2 191
4 193
2 197
12 199
12 211
4 223
2 227
4 229
6 233
2 239
10 241
6 251
6 257
6 263
2 269
6 271
4 277
2 281
10 283
14 293
4 307
2 311
4 313
14 317
6 331
10 337
2 347
4 349
6 353
8 359
6 367
6 373
4 379
6 383
8 389
4 397
8 401
10 409
2 419
10 421
2 431
6 433
4 439
6 443
8 449
4 457
2 461
4 463
12 467
8 479
4 487
8 491
4 499
6 503
12 509
2 521
18 523
6 541
10 547
6 557
6 563
2 569
6 571
10 577
6 587
6 593
2 599
6 601
6 607
4 613
2 617
12 619
10 631
2 641
4 643
6 647
6 653
2 659
12 661
4 673
6 677
8 683
10 691
8 701
10 709
8 719
6 727
6 733
4 739
8 743
6 751
4 757
8 761
4 769
14 773
10 787
12 797
2 809
10 811
2 821
4 823
2 827
10 829
14 839
4 853
2 857
4 859
14 863
4 877
2 881
4 883
19 887
1 906
4 907
8 911
10 919
8 929
4 937
6 941
6 947
14 953
4 967
6 971
6 977
8 983
6 991
12 997
4 1009
6 1013
2 1019
10 1021
2 1031
6 1033
10 1039
2 1049
10 1051
2 1061
6 1063
18 1069
4 1087
2 1091
4 1093
6 1097
6 1103
8 1109
6 1117
6 1123
19 1129
3 1148
2 1151
10 1153
8 1163
10 1171
6 1181
6 1187
8 1193
12 1201
4 1213
6 1217
6 1223
2 1229
6 1231
12 1237
10 1249
18 1259
2 1277
4 1279
6 1283
2 1289
6 1291
4 1297
2 1301
4 1303
12 1307
2 1319
6 1321
31 1327
3 1358
6 1361
6 1367
8 1373
18 1381
10 1399
14 1409
4 1423
2 1427
4 1429
6 1433
8 1439
4 1447
2 1451
6 1453
12 1459
10 1471
2 1481
4 1483
