244
1 1
1 2
2 3
2 5
3 7
1 10
2 11
7 10
2 17
10 13
10 19
2 29
10 31
2 41
10 43
5 31
1 36
36 37
10 37
10 73
23 36
2 59
10 61
31 36
36 43
10 79
36 61
10 97
2 107
36 67
10 103
36 103
10 139
2 149
3 97
1 100
139 100
2 239
10 241
31 100
131 36
36 101
137 36
36 241
277 36
36 313
10 349
79 100
2 179
10 181
2 191
36 191
2 227
36 227
181 100
2 281
10 283
281 36
283 100
36 317
36 353
36 383
2 419
10 421
2 431
10 433
36 421
10 457
36 443
36 467
421 100
2 521
521 36
36 557
349 100
97 100
2 197
36 197
36 233
2 269
36 271
13 113
1 126
521 126
31 126
36 127
36 647
36 683
97 126
100 157
126 647
36 773
2 809
10 811
2 821
36 821
2 857
100 811
36 911
36 947
36 983
2 1019
10 1021
2 1031
1033 36
126 241
126 271
126 283
100 409
126 811
126 313
126 421
547 126
36 673
126 937
1063 100
126 1163
2 1289
10 1291
2 1301
36 1291
100 1327
2 1427
10 1429
126 1327
126 443
2 569
36 571
10 607
2 617
36 607
10 643
607 126
10 733
36 733
126 983
11 199
1 210
547 210
1069 210
1109 210
2 1319
100 211
36 311
617 210
2 827
10 829
36 827
100 829
126 211
36 337
126 757
36 883
126 1321
36 1447
126 827
126 337
36 463
100 463
36 563
2 599
601 100
601 126
126 727
126 883
1163 210
36 1373
191 210
210 757
10 967
36 977
36 1013
2 1049
10 1051
1049 210
1051 36
10 1087
1051 100
2 1151
36 1087
36 1151
36 1187
1087 126
36 1213
1087 210
10 1297
126 1151
126 1297
10 1423
36 1423
126 967
10 1093
36 1093
1093 100
36 1193
2 1229
1151 210
126 1361
210 251
126 461
587 210
210 277
126 487
613 126
210 281
210 829
210 367
577 100
577 210
100 787
210 787
210 421
10 631
210 449
2 659
100 661
210 761
210 971
36 1181
13 317
1 330
1051 330
547 330
1069 330
577 330
100 1381
661 330
100 991
126 991
210 331
541 210
210 991
36 1201
330 953
5 373
1 378
563 378
1093 378
313 378
378 503
509 661
1 1170
1170 197
1170 281
