241
1 1
1 2
2 3
1 5
2 5
5 6
2 11
6 11
2 17
6 17
6 23
1 29
2 29
7 30
11 30
2 41
17 30
23 30
29 30
2 59
30 37
30 41
2 71
6 73
30 53
30 59
30 67
30 71
2 101
6 101
2 107
30 83
7 113
30 97
30 101
30 107
2 137
29 120
2 149
30 127
43 120
30 137
53 120
30 149
2 179
71 120
2 191
30 167
2 197
30 181
30 193
30 197
2 227
113 120
6 233
2 239
120 131
30 227
30 233
30 239
2 269
120 157
30 251
2 281
30 263
7 293
7 300
11 300
2 311
17 300
31 300
37 300
47 300
2 347
53 300
59 300
1 359
7 360
13 360
19 360
23 360
29 360
37 360
41 360
109 300
59 360
2 419
71 360
2 431
79 360
83 360
89 360
97 360
101 360
2 461
107 360
179 300
127 360
131 360
139 360
120 383
149 360
30 491
2 521
181 360
6 541
197 360
263 300
269 300
2 569
277 300
227 360
233 360
239 360
2 599
300 307
300 313
257 360
2 617
271 360
281 360
2 641
300 347
293 360
300 359
2 659
313 360
317 360
300 383
331 360
300 401
349 360
359 360
360 367
360 373
360 379
360 383
120 631
360 397
360 401
360 409
30 743
300 487
120 677
360 449
2 809
360 461
2 821
360 467
2 827
360 479
30 823
300 557
2 857
360 503
300 577
360 521
2 881
300 587
360 547
30 881
300 619
360 569
360 577
300 641
360 587
360 593
360 607
30 941
360 617
300 683
360 631
30 967
300 709
360 653
360 659
2 1019
120 911
2 1031
300 739
30 1019
2 1049
360 701
2 1061
360 709
360 727
30 1061
2 1091
300 797
360 743
300 809
360 757
300 823
360 769
120 1031
2 1151
300 863
360 811
360 821
360 827
30 1163
30 1171
360 853
360 857
360 863
300 929
2 1229
360 877
120 1129
30 1229
300 977
2 1277
300 983
360 929
2 1289
360 937
360 941
2 1301
360 947
300 1019
2 1319
360 967
300 1061
6 1361
360 1013
360 1021
360 1039
360 1049
360 1063
120 1307
2 1427
6 1427
30 1409
360 1087
360 1091
2 1451
30 1429
300 1171
300 1181
2 1481
300 1187
