246
1 1
2 2
4 4
4 8
4 2
8 2
12 2
14 4
18 2
20 2
22 12
2 1
3 2
5 2
7 4
11 2
13 4
17 2
19 4
23 6
29 2
31 6
37 4
41 2
43 4
47 6
53 6
59 2
61 6
67 4
71 2
73 6
79 4
83 6
89 8
97 4
101 2
103 4
107 2
109 4
113 14
127 4
131 6
137 2
139 10
149 2
151 6
157 6
163 4
167 6
173 6
179 2
181 10
191 2
193 4
197 2
199 12
211 12
223 4
227 2
229 4
233 6
239 2
241 10
251 6
257 6
263 6
269 2
271 6
277 4
281 2
283 10
293 14
307 4
311 2
313 4
317 14
331 6
337 10
347 2
349 4
353 6
359 8
367 6
373 6
379 4
383 6
389 8
397 4
401 8
409 10
419 2
421 10
431 2
433 6
439 4
443 6
449 8
457 4
461 2
463 4
467 12
479 8
487 4
491 8
499 4
503 6
509 12
521 2
523 18
541 6
547 10
557 6
563 6
569 2
571 6
577 10
587 6
593 6
599 2
601 6
607 6
613 4
617 2
619 12
631 10
641 2
643 4
647 6
653 6
659 2
661 12
673 4
677 6
683 8
691 10
701 8
709 10
719 8
727 6
733 6
739 4
743 8
751 6
757 4
761 8
769 4
773 14
787 10
797 12
809 2
811 10
821 2
823 4
827 2
829 10
839 14
853 4
857 2
859 4
863 14
877 4
881 2
883 4
887 20
907 4
911 8
919 10
929 8
937 4
941 6
947 6
953 14
967 4
971 6
977 6
983 8
991 6
997 12
1009 4
1013 6
1019 2
1021 10
1031 2
1033 6
1039 10
1049 2
1051 10
1061 2
1063 6
1069 18
1087 4
1091 2
1093 4
1097 6
1103 6
1109 8
1117 6
1123 6
1129 22
1151 2
1153 10
1163 8
1171 10
1181 6
1187 6
1193 8
1201 12
1213 4
1217 6
1223 6
1229 2
1231 6
1237 12
1249 10
1259 18
1277 2
1279 4
1283 6
1289 2
1291 6
1297 4
1301 2
1303 4
1307 12
1319 2
1321 6
1327 34
1361 6
1367 6
1373 8
1381 18
1399 10
1409 14
1423 4
1427 2
1429 4
1433 6
1439 8
1447 4
1451 2
1453 6
1459 12
1471 10
1481 2
1483 4
