396
1 1
1 2
2 3
2 5
7 3
1 10
2 11
13 3
1 16
2 17
19 3
1 22
23 5
1 28
2 29
31 5
1 36
37 3
1 40
2 41
43 3
1 46
47 5
1 52
53 5
1 58
2 59
61 5
1 66
67 3
1 70
2 71
73 5
1 78
79 3
1 82
83 5
1 88
89 7
1 96
97 3
1 100
2 101
103 3
1 106
2 107
109 3
1 112
113 13
1 126
127 3
1 130
131 5
1 136
2 137
10 139
2 149
151 5
1 156
157 5
1 162
163 3
1 166
167 5
1 172
173 5
1 178
2 179
10 181
2 191
193 3
1 196
2 197
199 11
1 210
211 11
1 222
223 3
1 226
2 227
229 3
1 232
233 5
1 238
2 239
10 241
251 5
1 256
257 5
1 262
263 5
1 268
2 269
271 5
1 276
277 3
1 280
2 281
10 283
293 13
1 306
307 3
1 310
2 311
313 3
1 316
317 13
1 330
331 5
1 336
10 337
2 347
349 3
1 352
353 5
1 358
359 7
1 366
367 5
1 372
373 5
1 378
379 3
1 382
383 5
1 388
389 7
1 396
397 3
1 400
401 7
1 408
10 409
2 419
10 421
2 431
433 5
1 438
439 3
1 442
443 5
1 448
449 7
1 456
457 3
1 460
2 461
463 3
1 466
467 11
1 478
479 7
1 486
487 3
1 490
491 7
1 498
499 3
1 502
503 5
1 508
509 11
1 520
2 521
523 17
1 540
541 5
1 546
10 547
557 5
1 562
563 5
1 568
2 569
571 5
1 576
10 577
587 5
1 592
593 5
1 598
2 599
601 5
1 606
607 5
1 612
613 3
1 616
2 617
619 11
1 630
10 631
2 641
643 3
1 646
647 5
1 652
653 5
1 658
2 659
661 11
1 672
673 3
1 676
677 5
1 682
683 7
1 690
10 691
701 7
1 708
10 709
719 7
1 726
727 5
1 732
733 5
1 738
739 3
1 742
743 7
1 750
751 5
1 756
757 3
1 760
761 7
1 768
769 3
1 772
773 13
1 786
10 787
797 11
1 808
2 809
10 811
2 821
823 3
1 826
2 827
10 829
839 13
1 852
853 3
1 856
2 857
859 3
1 862
863 13
1 876
877 3
1 880
2 881
883 3
1 886
887 19
1 906
907 3
1 910
911 7
1 918
10 919
929 7
1 936
937 3
1 940
941 5
1 946
947 5
1 952
953 13
1 966
967 3
1 970
971 5
1 976
977 5
1 982
983 7
1 990
991 5
1 996
997 11
1 1008
1009 3
1 1012
1013 5
1 1018
2 1019
10 1021
2 1031
1033 5
1 1038
10 1039
2 1049
10 1051
2 1061
1063 5
1 1068
1069 17
1 1086
1087 3
1 1090
2 1091
1093 3
1 1096
1097 5
1 1102
1103 5
1 1108
1109 7
1 1116
1117 5
1 1122
1123 5
1 1128
22 1129
2 1151
10 1153
1163 7
1 1170
10 1171
1181 5
1 1186
1187 5
1 1192
1193 7
1 1200
1201 11
1 1212
1213 3
1 1216
1217 5
1 1222
1223 5
1 1228
2 1229
1231 5
1 1236
1237 11
1 1248
10 1249
1259 17
1 1276
2 1277
1279 3
1 1282
1283 5
1 1288
2 1289
1291 5
1 1296
1297 3
1 1300
2 1301
1303 3
1 1306
1307 11
1 1318
2 1319
1321 5
1 1326
1327 31
3 1358
1361 5
1 1366
1367 5
1 1372
1373 7
1 1380
1381 17
1 1398
10 1399
1409 13
1 1422
1423 3
1 1426
2 1427
1429 3
1 1432
1433 5
1 1438
1439 7
1 1446
1447 3
1 1450
2 1451
1453 5
1 1458
1459 11
1 1470
10 1471
2 1481
1483 3
1 1486
