243
1 1
1 2
1 3
1 4
5 2
7 4
11 2
13 4
17 2
19 4
23 19
42 1
23 7
30 1
30 7
37 4
23 5
28 1
43 4
42 11
42 17
59 2
37 30
67 4
71 2
42 37
79 4
61 28
67 30
97 4
101 2
103 4
107 2
109 4
97 30
127 4
109 28
137 2
107 42
149 2
127 30
157 5
162 1
163 4
162 11
162 17
179 2
163 28
191 2
193 4
197 2
181 30
193 30
223 4
227 2
229 4
211 28
239 2
223 28
229 28
233 30
241 28
269 2
271 5
276 1
277 4
281 2
276 17
277 30
307 4
311 2
313 4
317 13
330 1
330 7
330 17
347 2
349 4
331 28
337 30
331 42
349 30
379 4
359 30
367 30
397 4
379 30
389 30
419 2
401 30
431 2
409 30
439 4
421 28
330 127
457 4
461 2
463 4
449 30
457 30
487 4
457 42
499 4
479 30
491 30
521 2
499 42
276 271
330 227
521 42
541 28
569 2
547 30
557 30
563 30
571 28
599 2
577 30
571 42
613 4
617 2
601 30
613 28
641 2
643 4
491 162
631 28
659 2
643 30
673 4
653 30
661 30
673 28
547 162
691 28
397 330
691 42
709 30
739 4
709 42
727 30
757 4
739 30
769 4
757 30
769 28
647 162
809 2
659 162
821 2
823 4
827 2
811 28
823 30
853 4
857 2
859 4
601 276
877 4
881 2
883 4
877 30
907 4
877 42
887 42
907 30
937 4
919 28
911 42
937 30
967 4
947 30
953 30
829 162
967 30
967 42
1009 4
991 28
1019 2
701 330
1031 2
1009 30
1021 28
1049 2
1033 28
1061 2
1039 30
811 276
1087 4
1091 2
1093 4
1061 42
947 162
1087 30
1093 30
1087 42
1123 28
1151 2
887 276
1129 42
1153 28
911 276
1163 30
1171 30
1171 42
1213 4
1193 30
1201 28
1229 2
907 330
1087 162
1231 28
1249 28
1277 2
1279 4
1259 30
1289 2
1021 276
1297 4
1301 2
1303 4
1291 28
1319 2
1297 30
1319 42
1091 276
1097 276
1051 330
1237 162
1381 28
1381 42
1423 4
1427 2
1429 4
1409 30
1171 276
1447 4
1451 2
1429 30
1429 42
1453 28
1481 2
1483 4
