244
1 1
2 1
3 2
5 2
7 3
10 1
10 3
10 7
17 2
13 10
19 10
29 2
31 5
36 1
31 10
36 7
36 11
36 17
36 23
59 2
36 31
61 10
37 36
43 36
47 36
53 36
61 36
97 3
100 1
67 36
71 36
73 36
100 13
113 13
126 1
100 31
100 37
103 36
113 36
149 2
126 31
126 37
100 67
100 73
100 79
179 2
181 10
126 67
100 97
126 73
199 11
210 1
126 97
126 101
126 103
126 107
126 113
210 31
151 100
131 126
137 126
210 59
210 61
151 126
181 100
157 126
167 126
181 126
210 101
210 103
191 126
317 13
330 1
210 127
210 137
210 139
227 126
210 149
210 157
210 163
373 5
378 1
210 173
210 179
271 126
210 191
210 199
293 126
211 210
330 101
223 210
229 210
233 210
239 210
330 127
251 210
337 126
257 210
269 210
277 210
281 210
373 126
293 210
330 179
311 210
313 210
330 211
337 210
330 227
330 233
330 239
330 241
367 210
330 257
330 263
330 269
330 271
330 277
330 283
378 239
378 241
421 210
330 311
330 313
330 317
443 210
378 281
331 330
463 210
347 330
353 330
378 313
491 210
378 331
389 330
378 349
523 210
409 330
617 126
378 373
379 378
383 378
439 330
443 330
409 378
419 378
431 378
433 378
443 378
613 210
449 378
499 330
461 378
523 330
479 378
733 126
653 210
499 378
503 378
673 210
509 378
577 330
701 210
541 378
599 330
607 330
563 378
569 378
743 210
757 210
593 378
599 378
653 330
613 378
619 378
631 378
683 330
641 378
643 378
653 378
823 210
661 378
719 330
673 378
683 378
733 330
691 378
709 378
761 330
883 210
719 378
773 330
983 126
739 378
997 126
751 378
773 378
823 330
953 210
1163 7
1170 1
971 210
809 378
863 330
823 378
883 330
839 378
1013 210
1019 210
853 378
859 378
919 330
881 378
947 330
1069 210
953 330
911 378
1289 2
919 378
971 330
1093 210
929 378
941 378
991 330
997 330
983 378
1170 197
1163 210
1051 330
1021 378
1031 378
1093 330
1049 378
1051 378
1103 330
1061 378
1069 378
1170 281
1123 330
1129 330
1093 378
1103 378
1153 330
1109 378
