244
1 1
2 2
1 2
1 4
2 5
4 7
2 11
4 13
2 17
4 19
5 23
1 28
2 29
5 31
1 36
4 37
2 41
4 43
17 36
23 36
2 59
31 36
4 67
2 71
36 43
4 79
28 61
36 61
4 97
2 101
4 103
2 107
4 109
13 113
1 126
4 127
11 126
2 137
23 126
2 149
31 126
36 127
4 163
137 36
151 28
2 179
28 163
2 191
4 193
2 197
131 79
1 210
13 210
4 223
2 227
4 229
28 211
2 239
28 223
131 126
137 126
28 241
2 269
151 126
4 277
2 281
257 36
271 36
4 307
2 311
4 313
131 199
1 330
7 330
137 210
2 347
4 349
28 331
36 331
36 337
5 373
1 378
4 379
11 378
19 378
4 397
31 378
36 383
2 419
53 378
2 431
61 378
4 439
28 421
36 421
4 457
2 461
4 463
36 443
109 378
4 487
36 463
4 499
126 383
191 330
2 521
163 378
126 421
521 36
210 353
28 541
2 569
541 36
126 461
36 557
28 571
2 599
36 571
36 577
4 613
2 617
210 421
28 613
2 641
4 643
36 617
28 631
2 659
547 126
4 673
36 647
313 378
28 673
36 673
28 691
36 691
523 210
613 126
4 739
541 210
547 210
4 757
36 733
4 769
36 751
28 769
36 773
2 809
330 491
2 821
4 823
2 827
28 811
523 330
4 853
2 857
4 859
547 330
4 877
2 881
4 883
577 330
4 907
541 378
599 330
607 330
4 937
28 919
126 827
210 757
4 967
36 941
36 947
613 378
619 378
631 378
4 1009
28 991
2 1019
653 378
2 1031
661 378
1021 28
2 1049
1033 28
2 1061
1033 36
1051 36
4 1087
2 1091
4 1093
126 977
126 983
126 991
36 1087
36 1093
28 1123
2 1151
210 953
7 1163
1 1170
11 1170
17 1170
23 1170
31 1170
43 1170
4 1213
36 1187
28 1201
2 1229
36 1201
1039 210
1049 210
28 1249
2 1277
4 1279
126 1163
2 1289
1087 210
4 1297
2 1301
4 1303
28 1291
2 1319
36 1291
1031 330
1170 197
1163 210
1051 330
1021 378
1031 378
1093 330
4 1423
2 1427
4 1429
1061 378
1069 378
4 1447
2 1451
36 1423
1093 378
28 1453
2 1481
4 1483
