244
1 1
1 2
2 3
2 5
7 3
10 1
3 10
7 10
2 17
10 13
10 19
2 29
31 5
36 1
10 31
7 36
11 36
17 36
23 36
2 59
31 36
10 61
36 37
36 43
36 47
36 53
36 61
97 3
100 1
36 67
36 71
36 73
13 100
113 13
126 1
31 100
37 100
36 103
36 113
2 149
31 126
37 126
67 100
73 100
79 100
2 179
10 181
67 126
97 100
73 126
199 11
210 1
97 126
101 126
103 126
107 126
113 126
31 210
100 151
126 131
126 137
59 210
61 210
126 151
100 181
126 157
126 167
126 181
101 210
103 210
126 191
317 13
330 1
127 210
137 210
139 210
126 227
149 210
157 210
163 210
373 5
378 1
173 210
179 210
126 271
191 210
199 210
126 293
210 211
101 330
210 223
210 229
210 233
210 239
127 330
210 251
126 337
210 257
210 269
210 277
210 281
126 373
210 293
179 330
210 311
210 313
211 330
210 337
227 330
233 330
239 330
241 330
210 367
257 330
263 330
269 330
271 330
277 330
283 330
239 378
241 378
210 421
311 330
313 330
317 330
210 443
281 378
330 331
210 463
330 347
330 353
313 378
210 491
331 378
330 389
349 378
210 523
330 409
126 617
373 378
378 379
378 383
330 439
330 443
378 409
378 419
378 431
378 433
378 443
210 613
378 449
330 499
378 461
330 523
378 479
126 733
210 653
378 499
378 503
210 673
378 509
330 577
210 701
378 541
330 599
330 607
378 563
378 569
210 743
210 757
378 593
378 599
330 653
378 613
378 619
378 631
330 683
378 641
378 643
378 653
210 823
378 661
330 719
378 673
378 683
330 733
378 691
378 709
330 761
210 883
378 719
330 773
126 983
378 739
126 997
378 751
378 773
330 823
210 953
1163 7
1170 1
210 971
378 809
330 863
378 823
330 883
378 839
210 1013
210 1019
378 853
378 859
330 919
378 881
330 947
210 1069
330 953
378 911
2 1289
378 919
330 971
210 1093
378 929
378 941
330 991
330 997
378 983
197 1170
210 1163
330 1051
378 1021
378 1031
330 1093
378 1049
378 1051
330 1103
378 1061
378 1069
281 1170
330 1123
330 1129
378 1093
378 1103
330 1153
378 1109
