244
1 1
1 2
2 3
2 5
3 7
1 10
2 11
7 10
2 17
10 13
10 19
2 29
5 31
1 36
5 36
2 41
10 37
10 43
23 36
2 59
31 36
10 61
2 71
36 43
10 73
10 79
36 61
3 97
1 100
2 101
7 100
2 107
10 103
13 113
1 126
5 126
10 127
2 137
10 139
2 149
31 126
36 127
10 157
10 163
53 126
2 179
10 181
2 191
71 126
2 197
11 199
1 210
13 210
17 210
2 227
10 223
10 229
2 239
10 241
47 210
36 227
36 233
2 269
36 241
10 271
2 281
10 283
36 271
100 211
2 311
10 307
13 317
1 330
7 330
10 337
2 347
23 330
10 349
36 331
36 337
5 373
1 378
5 378
10 379
19 378
23 378
31 378
10 409
2 419
10 421
2 431
61 378
10 433
10 439
36 421
83 378
2 461
10 457
36 443
109 378
113 378
36 463
36 467
10 499
100 421
2 521
163 378
126 421
10 547
100 463
126 443
2 569
36 541
10 577
36 557
36 563
2 599
36 571
36 577
10 607
2 617
210 421
10 631
2 641
100 547
10 643
210 449
2 659
126 547
36 641
10 673
313 378
10 691
36 673
10 709
36 691
126 607
126 613
10 733
210 541
126 631
10 751
36 733
100 673
36 751
10 787
36 773
2 809
10 811
2 821
100 727
2 827
10 829
126 727
36 821
2 857
10 853
126 751
378 503
2 881
10 877
330 577
100 811
36 883
10 919
126 811
378 563
10 937
100 853
210 757
210 761
10 967
36 947
330 661
210 787
126 883
36 977
10 1009
2 1019
10 1021
2 1031
210 829
10 1039
2 1049
10 1051
2 1061
36 1033
36 1051
100 991
2 1091
10 1087
10 1093
100 1009
126 991
36 1087
36 1093
100 1051
2 1151
10 1153
7 1163
1 1170
10 1171
17 1170
23 1170
31 1170
43 1170
36 1181
10 1213
36 1193
2 1229
36 1201
36 1213
10 1249
107 1170
2 1277
113 1170
10 1279
2 1289
126 1171
10 1291
2 1301
10 1297
36 1283
2 1319
36 1291
191 1170
197 1170
210 1163
210 1171
229 1170
10 1399
126 1297
100 1327
2 1427
10 1423
10 1429
126 1321
281 1170
2 1451
36 1423
378 1093
10 1471
2 1481
36 1451
