355
1 1
2 2
4 4
8 8
16 16
32 32
64 64
128 128
256 256
512 512
2 1
4 1
5 2
8 1
9 2
9 4
16 1
17 2
17 4
21 2
21 8
29 2
32 1
33 4
33 8
41 2
43 4
37 16
43 16
53 8
64 1
65 2
65 4
69 2
65 8
73 4
77 2
67 16
73 16
65 32
97 4
101 2
97 8
105 2
105 4
97 16
113 8
121 4
125 2
128 1
129 2
129 4
129 8
137 2
133 16
149 2
149 8
129 32
161 2
163 4
161 8
169 4
163 16
161 16
177 4
181 8
189 2
129 64
193 4
197 2
193 16
209 2
211 8
219 4
193 32
225 2
225 4
225 8
233 4
237 2
225 16
241 8
249 2
256 1
257 4
261 2
261 8
269 2
257 16
273 4
273 8
281 2
261 32
273 32
305 2
307 4
305 8
313 4
257 64
321 8
329 2
321 16
337 8
345 2
345 4
321 32
353 4
357 2
359 8
357 16
353 16
369 8
377 2
379 4
261 128
389 8
273 128
401 8
257 128
385 32
417 2
417 4
421 8
429 2
417 16
433 4
437 2
433 8
441 2
385 64
449 8
457 4
461 2
449 16
465 2
467 8
475 4
449 32
481 4
485 2
481 8
489 2
481 16
497 2
499 4
497 8
505 4
512 1
513 8
521 2
521 16
537 4
513 32
545 2
545 8
553 4
547 16
553 16
569 2
513 64
577 8
585 2
577 16
593 4
597 2
593 8
601 4
605 2
577 32
609 4
609 8
617 2
613 16
629 2
513 128
641 2
643 4
641 8
649 4
643 16
641 16
657 4
641 32
673 4
673 8
681 2
673 16
689 2
689 8
697 4
641 64
705 4
709 8
717 2
709 16
725 2
725 8
705 32
737 2
739 4
743 8
737 16
753 4
753 8
513 256
769 4
769 16
785 2
785 8
793 4
769 32
801 8
809 2
801 16
817 4
821 2
817 8
825 2
825 4
773 64
837 2
837 16
793 64
857 2
859 4
837 32
869 8
817 64
881 2
883 4
769 128
897 8
905 2
907 4
897 16
913 4
917 2
897 32
929 8
937 4
929 16
945 2
945 8
897 64
961 4
965 2
961 8
969 2
961 16
977 4
981 2
983 8
965 32
977 32
1009 4
1009 8
1017 2
1017 4
1024 1
1025 4
1029 2
1025 8
1033 4
1037 2
1033 16
1049 2
1029 32
1061 2
1061 8
1069 16
1085 2
1025 64
1089 2
1089 4
1089 8
1097 4
1101 2
1093 16
1109 8
1091 32
1097 32
1129 16
1145 4
1149 2
1025 128
1153 8
1161 2
1153 16
1169 2
1169 8
1177 4
1153 32
1185 2
1185 8
1185 16
1201 8
1209 4
1153 64
1217 4
1221 2
1221 8
1229 2
1221 16
1217 32
1249 8
1257 2
1257 16
1273 4
1277 2
1025 256
1281 2
1281 8
1289 2
1281 16
1297 4
1301 2
1297 8
1305 2
1283 32
1315 4
1289 32
1321 4
1325 2
1297 64
1361 4
1365 2
1365 8
1281 64
1345 32
1377 4
1381 16
1397 2
1281 128
1409 8
1417 4
1421 2
1409 16
1425 2
1425 4
1425 8
1433 4
1437 2
1409 32
1441 4
1445 2
1441 8
1449 2
1449 4
1441 16
1457 2
1459 8
1467 4
1417 64
1481 2
1483 4
