1
2*
4
8
16
32
64
128
256
512
520
524
525*
541
542*
606
638
642
643*
1286
2572
5144
7716
8359
8487
8519
8535
8543*
8559
8560*
17120
18406
19049
19569
19571
19572*
28132
29418
30061
30581
30583
30584*
30600
30601*
30617
30618*
31138
31140
31141*
31397
31461
31477
31485
31489
31491*
39207
39335
39367
39383
39391*
78782
157564
166124
168696
169339
169595
169611
169619
169621*
170141
170143
170144*
170664
170666
170667*
178383
178511
178543
178559
178567*
178583
178584*
178840
178904
178920
178928
178932
178934*
178998
179030
179034
179035*
186751
186879
186911
186927
186935*
187191
187255
187271
187279
187283
187285*
187541
187605
187621
187629
187633
187635*
196195
197481
198124
198644
198646
198647*
206363
206491
206523
206539
206547*
215107
216393
217036
217556
217558
217559*
217815
217879
217895
217903
217907
217909*
296691
336082
344642
347214
347857
348113
348129
348137
348139*
348203
348235
348239
348240*
355956
356084
356116
356132
356140*
364700
365986
366629
367149
367151
367152*
375712
376998
377641
378161
378163
378164*
378180
378181*
378197
378198*
378454
378518
378534
378542
378546
378548*
457330
496721
505281
507853
508496
508752
508768
508776
508778*
509298
509300
509301*
509821
509823
509824*
509840
509841*
518401
519687
520330
520850
520852
520853*
521109
521173
521189
521197
521201
521203*
528919
529047
529079
529095
529103*
607885
647276
655836
658408
659051
659307
659323
659331
659333*
667049
667177
667209
667225
667233*
667489
667553
667569
667577
667581
667583*
746365
785756
794316
796888
797531
797787
797803
797811
797813*
876595
915986
924546
927118
927761
928017
928033
928041
928043*
928059
928060*
928316
928380
928396
928404
928408
928410*
936126
936254
936286
936302
936310*
936374
936406
936410
936411*
1015193
1054584
1063144
1065716
1066359
1066615
1066631
1066639
1066641*
1145423
1184814
1193374
1195946
1196589
1196845
1196861
1196869
1196871*
1196935
1196967
1196971
1196972*
1197492
1197494
1197495*
1197511
1197512*
1206072
1207358
1208001
1208521
1208523
1208524*
1208780
1208844
1208860
1208868
1208872
1208874*
1287656
1327047
1335607
1338179
1338822
1339078
1339094
1339102
1339104*
1339120
1339121*
1347681
1348967
1349610
1350130
1350132
1350133*
1350197
1350229
1350233
1350234*
1350754
1350756
1350757*
1350821
1350853
1350857
1350858*
1350874
1350875*
1359435
1360721
1361364
1361884
1361886
1361887*
1362407
1362409
1362410*
1370126
1370254
1370286
1370302
1370310*
1370326
1370327*
1378887
1380173
1380816
1381336
1381338
1381339*
1460121
1499512
1508072
1510644
1511287
1511543
1511559
1511567
1511569*
1511585
1511586*
1590368
1629759
1638319
1640891
1641534
1641790
1641806
1641814
1641816*
1649532
1649660
1649692
1649708
1649716*
1657432
1657560
1657592
1657608
1657616*
1665332
1665460
1665492
1665508
1665516*
1673232
1673360
1673392
1673408
1673416*
1673672
1673736
1673752
1673760
1673764
1673766*
1674286
1674288
1674289*
1674353
1674385
1674389
1674390*
1674910
1674912
1674913*
1753695
1793086
1801646
1804218
1804861
1805117
1805133
1805141
1805143*
1805207
1805239
1805243
1805244*
1805764
1805766
1805767*
1806023
1806087
1806103
1806111
1806115
1806117*
1806637
1806639
1806640*
1806704
1806736
1806740
1806741*
1814457
1814585
1814617
1814633
1814641*
1814657
1814658*
1814722
1814754
1814758
1814759*
1814775
1814776*
1815032
1815096
1815112
1815120
1815124
1815126*
1822842
1822970
1823002
1823018
1823026*
1901808
1941199
1949759
1952331
1952974
1953230
1953246
1953254
1953256*
2032038
2071429
2079989
2082561
2083204
2083460
2083476
2083484
2083486*
2083742
2083806
2083822
2083830
2083834
2083836*
2083852
2083853*
2083917
2083949
2083953
2083954*
2092514
2093800
2094443
2094963
2094965
2094966*
2102682
2102810
2102842
2102858
2102866*
2110582
2110710
2110742
2110758
2110766*
2111286
2111288
2111289*
2111353
2111385
2111389
2111390*
2119106
2119234
2119266
2119282
2119290*
2119810
2119812
2119813*
2120333
2120335
2120336*
2128052
2128180
2128212
2128228
2128236*
2207018
2246409
2254969
2257541
2258184
2258440
2258456
2258464
2258466*
2267026
2268312
2268955
2269475
2269477
2269478*
2348260
2387651
2396211
2398783
2399426
2399682
2399698
2399706
2399708*
2399964
2400028
2400044
2400052
2400056
2400058*
2400122
2400154
2400158
2400159*
2408719
2410005
2410648
2411168
2411170
2411171*
2419731
2421017
2421660
2422180
2422182
2422183*
2429899
2430027
2430059
2430075
2430083*
2430339
2430403
2430419
2430427
2430431
2430433*
2430953
2430955
2430956*
2431212
2431276
2431292
2431300
2431304
2431306*
2431370
2431402
2431406
2431407*
2431663
2431727
2431743
2431751
2431755
2431757*
2432277
2432279
2432280*
2511062
2550453
2559013
2561585
2562228
2562484
2562500
2562508
2562510*
2563030
2563032
2563033*
2563049
2563050*
2571610
2572896
2573539
2574059
2574061
2574062*
2582622
2583908
2584551
2585071
2585073
2585074*
2585090
2585091*
2585347
2585411
2585427
2585435
2585439
2585441*
2585961
2585963
2585964*
2594524
2595810
2596453
2596973
2596975
2596976*
2596992
2596993*
2675775
2715166
2723726
2726298
2726941
2727197
2727213
2727221
2727223*
2806005
2845396
2853956
2856528
2857171
2857427
2857443
2857451
2857453*
2857973
2857975
2857976*
2858496
2858498
2858499*
2866215
2866343
2866375
2866391
2866399*
2874115
2874243
2874275
2874291
2874299*
2874363
2874395
2874399
2874400*
2874920
2874922
2874923*
2953705
2993096
3001656
3004228
3004871
3005127
3005143
3005151
3005153*
3012869
3012997
3013029
3013045
3013053*
3013069
3013070*
3020786
3020914
3020946
3020962
3020970*
3021226
3021290
3021306
3021314
3021318
3021320*
3021840
3021842
3021843*
3100625
3140016
3148576
3151148
3151791
3152047
3152063
3152071
3152073*
3230855
3270246
3278806
3281378
3282021
3282277
3282293
3282301
3282303*
3282559
3282623
3282639
3282647
3282651
3282653*
3282909
3282973
3282989
3282997
3283001
3283003*
3283067
3283099
3283103
3283104*
3283168
3283200
3283204
3283205*
3290921
3291049
3291081
3291097
3291105*
3291361
3291425
3291441
3291449
3291453
3291455*
3291519
3291551
3291555
3291556*
3299272
3299400
3299432
3299448
3299456*
3307172
3307300
3307332
3307348
3307356*
3315072
3315200
3315232
3315248
3315256*
3315272
3315273*
3315289
3315290*
3315306
3315307*
3394089
3433480
3442040
3444612
3445255
3445511
3445527
3445535
3445537*
3445601
3445633
3445637
3445638*
3445894
3445958
3445974
3445982
3445986
3445988*
3446004
3446005*
3446261
3446325
3446341
3446349
3446353
3446355*
3446419
3446451
3446455
3446456*
3446712
3446776
3446792
3446800
3446804
3446806*
3447326
3447328
3447329*
3455045
3455173
3455205
3455221
3455229*
3463789
3465075
3465718
3466238
3466240
3466241*
3466257
3466258*
3466778
3466780
3466781*
3474497
3474625
3474657
3474673
3474681*
3475201
3475203
3475204*
3475724
3475726
3475727*
3475791
3475823
3475827
3475828*
3475844
3475845*
3475909
3475941
3475945
3475946*
3476466
3476468
3476469*
3476725
3476789
3476805
3476813
3476817
3476819*
3476883
3476915
3476919
3476920*
3485480
3486766
3487409
3487929
3487931
3487932*
3487996
3488028
3488032
3488033*
3488097
3488129
3488133
3488134*
3488390
3488454
3488470
3488478
3488482
3488484*
3488740
3488804
3488820
3488828
3488832
3488834*
3488898
3488930
3488934
3488935*
3496651
3496779
3496811
3496827
3496835*
3497355
3497357
3497358*
3497422
3497454
3497458
3497459*
3497475
3497476*
3497732
3497796
3497812
3497820
3497824
3497826*
3497890
3497922
3497926
3497927*
3497943
3497944*
3506504
3507790
3508433
3508953
3508955
3508956*
3516672
3516800
3516832
3516848
3516856*
3525416
3526702
3527345
3527865
3527867
3527868*
3528124
3528188
3528204
3528212
3528216
3528218*
3607000
3646391
3654951
3657523
3658166
3658422
3658438
3658446
3658448*
3667008
3668294
3668937
3669457
3669459
3669460*
3669716
3669780
3669796
3669804
3669808
3669810*
3748592
3787983
3796543
3799115
3799758
3800014
3800030
3800038
3800040*
3800056
3800057*
3800121
3800153
3800157
3800158*
3800414
3800478
3800494
3800502
3800506
3800508*
3801028
3801030
3801031*
3801551
3801553
3801554*
3810114
3811400
3812043
3812563
3812565
3812566*
3812630
3812662
3812666
3812667*
3891449
3930840
3939400
3941972
3942615
3942871
3942887
3942895
3942897*
3942961
3942993
3942997
3942998*
3950714
3950842
3950874
3950890
3950898*
3950962
3950994
3950998
3950999*
3951519
3951521
3951522*
3960082
3961368
3962011
3962531
3962533
3962534*
4041316
4080707
4089267
4091839
4092482
4092738
4092754
4092762
4092764*
4093020
4093084
4093100
4093108
4093112
4093114*
4093130
4093131*
4171913
4211304
4219864
4222436
4223079
4223335
4223351
4223359
4223361*
4223881
4223883
4223884*
4231600
4231728
4231760
4231776
4231784*
4310566
4349957
4358517
4361089
4361732
4361988
4362004
4362012
4362014*
4362534
4362536
4362537*
4370253
4370381
4370413
4370429
4370437*
4370501
4370533
4370537
4370538*
4378254
4378382
4378414
4378430
4378438*
4386154
4386282
4386314
4386330
4386338*
4386354
4386355*
4394071
4394199
4394231
4394247
4394255*
4402815
4404101
4404744
4405264
4405266
4405267*
4412983
4413111
4413143
4413159
4413167*
4413183
4413184*
4413248
4413280
4413284
4413285*
4421845
4423131
4423774
4424294
4424296
4424297*
4432013
4432141
4432173
4432189
4432197*
4432213
4432214*
4432470
4432534
4432550
4432558
4432562
4432564*
4511346
4550737
4559297
4561869
4562512
4562768
4562784
4562792
4562794*
4563314
4563316
4563317*
4642099
4681490
4690050
4692622
4693265
4693521
4693537
4693545
4693547*
4701263
4701391
4701423
4701439
4701447*
4701967
4701969
4701970*
4780752
4820143
4828703
4831275
4831918
4832174
4832190
4832198
4832200*
4910982
4950373
4958933
4961505
4962148
4962404
4962420
4962428
4962430*
4970146
4970274
4970306
4970322
4970330*
4970346
4970347*
4970363
4970364*
5049146
5088537
5097097
5099669
5100312
5100568
5100584
5100592
5100594*
5101114
5101116
5101117*
5108833
5108961
5108993
5109009
5109017*
5117577
5118863
5119506
5120026
5120028
5120029*
5120093
5120125
5120129
5120130*
5127846
5127974
5128006
5128022
5128030*
5128046
5128047*
5128567
5128569
5128570*
5137130
5138416
5139059
5139579
5139581
5139582*
5140102
5140104
5140105*
5140121
5140122*
5148682
5149968
5150611
5151131
5151133
5151134*
5151390
5151454
5151470
5151478
5151482
5151484*
5151548
5151580
5151584
5151585*
5151649
5151681
5151685
5151686*
5151942
5152006
5152022
5152030
5152034
5152036*
5152100
5152132
5152136
5152137*
5159853
5159981
5160013
5160029
5160037*
5167753
5167881
5167913
5167929
5167937*
5176497
5177783
5178426
5178946
5178948
5178949*
5179205
5179269
5179285
5179293
5179297
5179299*
5258081
5297472
5306032
5308604
5309247
5309503
5309519
5309527
5309529*
5310049
5310051
5310052*
5310308
5310372
5310388
5310396
5310400
5310402*
5318962
5320248
5320891
5321411
5321413
5321414*
5321478
5321510
5321514
5321515*
5330075
5331361
5332004
5332524
5332526
5332527*
5333047
5333049
5333050*
5411832
5451223
5459783
5462355
5462998
5463254
5463270
5463278
5463280*
5471840
5473126
5473769
5474289
5474291
5474292*
5482008
5482136
5482168
5482184
5482192*
5482208
5482209*
5489925
5490053
5490085
5490101
5490109*
5490365
5490429
5490445
5490453
5490457
5490459*
5569241
5608632
5617192
5619764
5620407
5620663
5620679
5620687
5620689*
5629249
5630535
5631178
5631698
5631700
5631701*
5631717
5631718*
5632238
5632240
5632241*
5640801
5642087
5642730
5643250
5643252
5643253*
5643509
5643573
5643589
5643597
5643601
5643603*
5643619
5643620*
5652180
5653466
5654109
5654629
5654631
5654632*
5662348
5662476
5662508
5662524
5662532*
5741314
5780705
5789265
5791837
5792480
5792736
5792752
5792760
5792762*
5792826
5792858
5792862
5792863*
5800579
5800707
5800739
5800755
5800763*
5879545
5918936
5927496
5930068
5930711
5930967
5930983
5930991
5930993*
5931249
5931313
5931329
5931337
5931341
5931343*
5931359
5931360*
5931376
5931377*
5939093
5939221
5939253
5939269
5939277*
5939341
5939373
5939377
5939378*
5939394
5939395*
5939651
5939715
5939731
5939739
5939743
5939745*
5940265
5940267
5940268*
5940332
5940364
5940368
5940369*
5948929
5950215
5950858
5951378
5951380
5951381*
5959097
5959225
5959257
5959273
5959281*
5966997
5967125
5967157
5967173
5967181*
6045963
6085354
6093914
6096486
6097129
6097385
6097401
6097409
6097411*
6105127
6105255
6105287
6105303
6105311*
6105831
6105833
6105834*
6106090
6106154
6106170
6106178
6106182
6106184*
6106200
6106201*
6114761
6116047
6116690
6117210
6117212
6117213*
6117229
6117230*
6117294
6117326
6117330
6117331*
6117587
6117651
6117667
6117675
6117679
6117681*
6196463
6235854
6244414
6246986
6247629
6247885
6247901
6247909
6247911*
6326693
6366084
6374644
6377216
6377859
6378115
6378131
6378139
6378141*
6385857
6385985
6386017
6386033
6386041*
6386297
6386361
6386377
6386385
6386389
6386391*
6386911
6386913
6386914*
6465696
6505087
6513647
6516219
6516862
6517118
6517134
6517142
6517144*
6525704
6526990
6527633
6528153
6528155
6528156*
6536716
6538002
6538645
6539165
6539167
6539168*
6547728
6549014
6549657
6550177
6550179
6550180*
6550436
6550500
6550516
6550524
6550528
6550530*
6550786
6550850
6550866
6550874
6550878
6550880*
6550896
6550897*
6559457
6560743
6561386
6561906
6561908
6561909*
6562429
6562431
6562432*
6570992
6572278
6572921
6573441
6573443
6573444*
6573964
6573966
6573967*
6574031
6574063
6574067
6574068*
6574132
6574164
6574168
6574169*
6581885
6582013
6582045
6582061
6582069*
6589785
6589913
6589945
6589961
6589969*
6597685
6597813
6597845
6597861
6597869*
6606429
6607715
6608358
6608878
6608880
6608881*
6609401
6609403
6609404*
6609924
6609926
6609927*
6610447
6610449
6610450*
6610514
6610546
6610550
6610551*
6619111
6620397
6621040
6621560
6621562
6621563*
6622083
6622085
6622086*
6622606
6622608
6622609*
6622865
6622929
6622945
6622953
6622957
6622959*
6623215
6623279
6623295
6623303
6623307
6623309*
6623325
6623326*
6631886
6633172
6633815
6634335
6634337
6634338*
6634402
6634434
6634438
6634439*
6713221
6752612
6761172
6763744
6764387
6764643
6764659
6764667
6764669*
6773229
6774515
6775158
6775678
6775680
6775681*
6775697
6775698*
6775762
6775794
6775798
6775799*
6775863
6775895
6775899
6775900*
6783616
6783744
6783776
6783792
6783800*
6862582
6901973
6910533
6913105
6913748
6914004
6914020
6914028
6914030*
6914286
6914350
6914366
6914374
6914378
6914380*
6922940
6924226
6924869
6925389
6925391
6925392*
6933108
6933236
6933268
6933284
6933292*
6941852
6943138
6943781
6944301
6944303
6944304*
6944368
6944400
6944404
6944405*
6952965
6954251
6954894
6955414
6955416
6955417*
6963977
6965263
6965906
6966426
6966428
6966429*
6966685
6966749
6966765
6966773
6966777
6966779*
6966795
6966796*
7045578
7084969
7093529
7096101
7096744
7097000
7097016
7097024
7097026*
7097546
7097548
7097549*
7176331
7215722
7224282
7226854
7227497
7227753
7227769
7227777
7227779*
7235495
7235623
7235655
7235671
7235679*
7235695
7235696*
7243412
7243540
7243572
7243588
7243596*
7251312
7251440
7251472
7251488
7251496*
7259212
7259340
7259372
7259388
7259396*
7259652
7259716
7259732
7259740
7259744
7259746*
7338528
7377919
7386479
7389051
7389694
7389950
7389966
7389974
7389976*
7390040
7390072
7390076
7390077*
7398637
7399923
7400566
7401086
7401088
7401089*
7401345
7401409
7401425
7401433
7401437
7401439*
7409999
7411285
7411928
7412448
7412450
7412451*
7412971
7412973
7412974*
7420690
7420818
7420850
7420866
7420874*
7421130
7421194
7421210
7421218
7421222
7421224*
7421240
7421241*
7421761
7421763
7421764*
7422284
7422286
7422287*
7430003
7430131
7430163
7430179
7430187*
7438747
7440033
7440676
7441196
7441198
7441199*
7441455
7441519
7441535
7441543
7441547
7441549*
7450109
7451395
7452038
7452558
7452560
7452561*
7452577
7452578*
7460294
7460422
7460454
7460470
7460478*
7460734
7460798
7460814
7460822
7460826
7460828*
7461348
7461350
7461351*
7469067
7469195
7469227
7469243
7469251*
7476967
7477095
7477127
7477143
7477151*
7477215
7477247
7477251
7477252*
7477268
7477269*
7485829
7487115
7487758
7488278
7488280
7488281*
7488345
7488377
7488381
7488382*
7488398
7488399*
7488463
7488495
7488499
7488500*
7488756
7488820
7488836
7488844
7488848
7488850*
7497410
7498696
7499339
7499859
7499861
7499862*
7499926
7499958
7499962
7499963*
7578745
7618136
7626696
7629268
7629911
7630167
7630183
7630191
7630193*
7630257
7630289
7630293
7630294*
7709076
7748467
7757027
7759599
7760242
7760498
7760514
7760522
7760524*
7760540
7760541*
7769101
7770387
7771030
7771550
7771552
7771553*
7779269
7779397
7779429
7779445
7779453*
7779709
7779773
7779789
7779797
7779801
7779803*
7858585
7897976
7906536
7909108
7909751
7910007
7910023
7910031
7910033*
7917749
7917877
7917909
7917925
7917933*
7917949
7917950*
7925666
7925794
7925826
7925842
7925850*
7934410
7935696
7936339
7936859
7936861
7936862*
7936926
7936958
7936962
7936963*
7937027
7937059
7937063
7937064*
7937320
7937384
7937400
7937408
7937412
7937414*
7937934
7937936
7937937*
7938457
7938459
7938460*
7938980
7938982
7938983*
8017765
8057156
8065716
8068288
8068931
8069187
8069203
8069211
8069213*
8077773
8079059
8079702
8080222
8080224
8080225*
8080481
8080545
8080561
8080569
8080573
8080575*
8080639
8080671
8080675
8080676*
8081196
8081198
8081199*
8089759
8091045
8091688
8092208
8092210
8092211*
8092275
8092307
8092311
8092312*
8100872
8102158
8102801
8103321
8103323
8103324*
8182106
8221497
8230057
8232629
8233272
8233528
8233544
8233552
8233554*
8233570
8233571*
8233827
8233891
8233907
8233915
8233919
8233921*
8234177
8234241
8234257
8234265
8234269
8234271*
8242831
8244117
8244760
8245280
8245282
8245283*
8324065
8363456
8372016
8374588
8375231
8375487
8375503
8375511
8375513*
8375769
8375833
8375849
8375857
8375861
8375863*
8375927
8375959
8375963
8375964*
8376220
8376284
8376300
8376308
8376312
8376314*
8376834
8376836
8376837*
8377093
8377157
8377173
8377181
8377185
8377187*
8377443
8377507
8377523
8377531
8377535
8377537*
8456319
8495710
8504270
8506842
8507485
8507741
8507757
8507765
8507767*
8508023
8508087
8508103
8508111
8508115
8508117*
8508637
8508639
8508640*
8508656
8508657*
8508673
8508674*
8508690
8508691*
8508707
8508708*
8508964
8509028
8509044
8509052
8509056
8509058*
8587840
8627231
8635791
8638363
8639006
8639262
8639278
8639286
8639288*
8647848
8649134
8649777
8650297
8650299
8650300*
8658860
8660146
8660789
8661309
8661311
8661312*
8669028
8669156
8669188
8669204
8669212*
8669228
8669229*
8669485
8669549
8669565
8669573
8669577
8669579*
8669595
8669596*
8669660
8669692
8669696
8669697*
8748479
8787870
8796430
8799002
8799645
8799901
8799917
8799925
8799927*
8800447
8800449
8800450*
8800970
8800972
8800973*
8809533
8810819
8811462
8811982
8811984
8811985*
8820545
8821831
8822474
8822994
8822996
8822997*
8823253
8823317
8823333
8823341
8823345
8823347*
8823867
8823869
8823870*
8823886
8823887*
8902669
8942060
8950620
8953192
8953835
8954091
8954107
8954115
8954117*
9032899
9072290
9080850
9083422
9084065
9084321
9084337
9084345
9084347*
9084363
9084364*
9163146
9202537
9211097
9213669
9214312
9214568
9214584
9214592
9214594*
9214610
9214611*
9214867
9214931
9214947
9214955
9214959
9214961*
9293743
9333134
9341694
9344266
9344909
9345165
9345181
9345189
9345191*
9345447
9345511
9345527
9345535
9345539
9345541*
9345797
9345861
9345877
9345885
9345889
9345891*
9345955
9345987
9345991
9345992*
9424774
9464165
9472725
9475297
9475940
9476196
9476212
9476220
9476222*
9476238
9476239*
9476303
9476335
9476339
9476340*
9476596
9476660
9476676
9476684
9476688
9476690*
9555472
9594863
9603423
9605995
9606638
9606894
9606910
9606918
9606920*
9607176
9607240
9607256
9607264
9607268
9607270*
9686052
9725443
9734003
9736575
9737218
9737474
9737490
9737498
9737500*
9737564
9737596
9737600
9737601*
9737857
9737921
9737937
9737945
9737949
9737951*
9738015
9738047
9738051
9738052*
9738116
9738148
9738152
9738153*
9746713
9747999
9748642
9749162
9749164
9749165*
9756881
9757009
9757041
9757057
9757065*
9764781
9764909
9764941
9764957
9764965*
9772681
9772809
9772841
9772857
9772865*
9851647
9891038
9899598
9902170
9902813
9903069
9903085
9903093
9903095*
9903615
9903617
9903618*
9982400
10021791
10030351
10032923
10033566
10033822
10033838
10033846
10033848*
10033864
10033865*
10034121
10034185
10034201
10034209
10034213
10034215*
10034279
10034311
10034315
10034316*
10042032
10042160
10042192
10042208
10042216*
10049932
10050060
10050092
10050108
10050116*
10058676
10059962
10060605
10061125
10061127
10061128*
10068844
10068972
10069004
10069020
10069028*
10147810
10187201
10195761
10198333
10198976
10199232
10199248
10199256
10199258*
10199778
10199780
10199781*
10199845
10199877
10199881
10199882*
10208442
10209728
10210371
10210891
10210893
10210894*
10210958
10210990
10210994
10210995*
10218711
10218839
10218871
10218887
10218895*
10219151
10219215
10219231
10219239
10219243
10219245*
10219501
10219565
10219581
10219589
10219593
10219595*
10220115
10220117
10220118*
10220638
10220640
10220641*
10220705
10220737
10220741
10220742*
10229302
10230588
10231231
10231751
10231753
10231754*
10240314
10241600
10242243
10242763
10242765
10242766*
10243286
10243288
10243289*
10251005
10251133
10251165
10251181
10251189*
10259749
10261035
10261678
10262198
10262200
10262201*
10262457
10262521
10262537
10262545
10262549
10262551*
10263071
10263073
10263074*
10341856
10381247
10389807
10392379
10393022
10393278
10393294
10393302
10393304*
10393824
10393826
10393827*
10393891
10393923
10393927
10393928*
10394184
10394248
10394264
10394272
10394276
10394278*
10394798
10394800
10394801*
10395057
10395121
10395137
10395145
10395149
10395151*
10473933
10513324
10521884
10524456
10525099
10525355
10525371
10525379
10525381*
10525445
10525477
10525481
10525482*
10604264
10643655
10652215
10654787
10655430
10655686
10655702
10655710
10655712*
10655968
10656032
10656048
10656056
10656060
10656062*
10656582
10656584
10656585*
10665145
10666431
10667074
10667594
10667596
10667597*
10667661
10667693
10667697
10667698*
10668218
10668220
10668221*
10668237
10668238*
10668494
10668558
10668574
10668582
10668586
10668588*
10676304
10676432
10676464
10676480
10676488*
10676552
10676584
10676588
10676589*
10676605
10676606*
10676862
10676926
10676942
10676950
10676954
10676956*
10677212
10677276
10677292
10677300
10677304
10677306*
10685022
10685150
10685182
10685198
10685206*
10685222
10685223*
10693783
10695069
10695712
10696232
10696234
10696235*
10696491
10696555
10696571
10696579
10696583
10696585*
10696649
10696681
10696685
10696686*
10775468
10814859
10823419
10825991
10826634
10826890
10826906
10826914
10826916*
10827172
10827236
10827252
10827260
10827264
10827266*
10827330
10827362
10827366
10827367*
10827887
10827889
10827890*
10828410
10828412
10828413*
10828477
10828509
10828513
10828514*
10828578
10828610
10828614
10828615*
10836331
10836459
10836491
10836507
10836515*
10915297
10954688
10963248
10965820
10966463
10966719
10966735
10966743
10966745*
10966761
10966762*
10975322
10976608
10977251
10977771
10977773
10977774*
10978294
10978296
10978297*
10978313
10978314*
10978378
10978410
10978414
10978415*
10978431
10978432*
10986148
10986276
10986308
10986324
10986332*
10986852
10986854
10986855*
10995415
10996701
10997344
10997864
10997866
10997867*
10998123
10998187
10998203
10998211
10998215
10998217*
10998737
10998739
10998740*
11006456
11006584
11006616
11006632
11006640*
11015200
11016486
11017129
11017649
11017651
11017652*
11017668
11017669*
11018189
11018191
11018192*
11018448
11018512
11018528
11018536
11018540
11018542*
11026258
11026386
11026418
11026434
11026442*
11105224
11144615
11153175
11155747
11156390
11156646
11156662
11156670
11156672*
11235454
11274845
11283405
11285977
11286620
11286876
11286892
11286900
11286902*
11286966
11286998
11287002
11287003*
11294719
11294847
11294879
11294895
11294903*
11294967
11294999
11295003
11295004*
11302720
11302848
11302880
11302896
11302904*
11311464
11312750
11313393
11313913
11313915
11313916*
11313980
11314012
11314016
11314017*
11314273
11314337
11314353
11314361
11314365
11314367*
11314887
11314889
11314890*
11393672
11433063
11441623
11444195
11444838
11445094
11445110
11445118
11445120*
11445184
11445216
11445220
11445221*
11524003
11563394
11571954
11574526
11575169
11575425
11575441
11575449
11575451*
11584011
11585297
11585940
11586460
11586462
11586463*
11665245
11704636
11713196
11715768
11716411
11716667
11716683
11716691
11716693*
11716757
11716789
11716793
11716794*
11717314
11717316
11717317*
11725033
11725161
11725193
11725209
11725217*
11725281
11725313
11725317
11725318*
11725334
11725335*
11733051
11733179
11733211
11733227
11733235*
11740951
11741079
11741111
11741127
11741135*
11741199
11741231
11741235
11741236*
11741492
11741556
11741572
11741580
11741584
11741586*
11820368
11859759
11868319
11870891
11871534
11871790
11871806
11871814
11871816*
11872336
11872338
11872339*
11872355
11872356*
11951138
11990529
11999089
12001661
12002304
12002560
12002576
12002584
12002586*
12011146
12012432
12013075
12013595
12013597
12013598*
12013662
12013694
12013698
12013699*
12014219
12014221
12014222*
12021938
12022066
12022098
12022114
12022122*
12029838
12029966
12029998
12030014
12030022*
12108804
12148195
12156755
12159327
12159970
12160226
12160242
12160250
12160252*
12167968
12168096
12168128
12168144
12168152*
12168408
12168472
12168488
12168496
12168500
12168502*
12177062
12178348
12178991
12179511
12179513
12179514*
12179530
12179531*
12180051
12180053
12180054*
12258836
12298227
12306787
12309359
12310002
12310258
12310274
12310282
12310284*
12318000
12318128
12318160
12318176
12318184*
12396966
12436357
12444917
12447489
12448132
12448388
12448404
12448412
12448414*
12448934
12448936
12448937*
12456653
12456781
12456813
12456829
12456837*
12465397
12466683
12467326
12467846
12467848
12467849*
12546631
12586022
12594582
12597154
12597797
12598053
12598069
12598077
12598079*
12598335
12598399
12598415
12598423
12598427
12598429*
12677211
12716602
12725162
12727734
12728377
12728633
12728649
12728657
12728659*
12807441
12846832
12855392
12857964
12858607
12858863
12858879
12858887
12858889*
12858905
12858906*
12866622
12866750
12866782
12866798
12866806*
12945588
12984979
12993539
12996111
12996754
12997010
12997026
12997034
12997036*
12997100
12997132
12997136
12997137*
12997153
12997154*
13005714
13007000
13007643
13008163
13008165
13008166*
13008422
13008486
13008502
13008510
13008514
13008516*
13008772
13008836
13008852
13008860
13008864
13008866*
13016582
13016710
13016742
13016758
13016766*
13024482
13024610
13024642
13024658
13024666*
13103448
13142839
13151399
13153971
13154614
13154870
13154886
13154894
13154896*
13154960
13154992
13154996
13154997*
13155013
13155014*
13155078
13155110
13155114
13155115*
13233897
13273288
13281848
13284420
13285063
13285319
13285335
13285343
13285345*
13364127
13403518
13412078
13414650
13415293
13415549
13415565
13415573
13415575*
13416095
13416097
13416098*
13494880
13534271
13542831
13545403
13546046
13546302
13546318
13546326
13546328*
13554888
13556174
13556817
13557337
13557339
13557340*
13557356
13557357*
13565917
13567203
13567846
13568366
13568368
13568369*
13576929
13578215
13578858
13579378
13579380
13579381*
13579901
13579903
13579904*
13579968
13580000
13580004
13580005*
13658787
13698178
13706738
13709310
13709953
13710209
13710225
13710233
13710235*
13710299
13710331
13710335
13710336*
13710352
13710353*
13718913
13720199
13720842
13721362
13721364
13721365*
13721885
13721887
13721888*
13721952
13721984
13721988
13721989*
13722005
13722006*
13722070
13722102
13722106
13722107*
13730667
13731953
13732596
13733116
13733118
13733119*
13733639
13733641
13733642*
13742202
13743488
13744131
13744651
13744653
13744654*
13744910
13744974
13744990
13744998
13745002
13745004*
13745020
13745021*
13745037
13745038*
13745054
13745055*
13753615
13754901
13755544
13756064
13756066
13756067*
13834849
13874240
13882800
13885372
13886015
13886271
13886287
13886295
13886297*
13886313
13886314*
13886378
13886410
13886414
13886415*
13965197
14004588
14013148
14015720
14016363
14016619
14016635
14016643
14016645*
14095427
14134818
14143378
14145950
14146593
14146849
14146865
14146873
14146875*
14147131
14147195
14147211
14147219
14147223
14147225*
14147745
14147747
14147748*
14156308
14157594
14158237
14158757
14158759
14158760*
14159280
14159282
14159283*
14159539
14159603
14159619
14159627
14159631
14159633*
14159697
14159729
14159733
14159734*
14159798
14159830
14159834
14159835*
14160091
14160155
14160171
14160179
14160183
14160185*
14160201
14160202*
14168762
14170048
14170691
14171211
14171213
14171214*
14171278
14171310
14171314
14171315*
14171331
14171332*
14179892
14181178
14181821
14182341
14182343
14182344*
14182408
14182440
14182444
14182445*
14182701
14182765
14182781
14182789
14182793
14182795*
14191355
14192641
14193284
14193804
14193806
14193807*
14272589
14311980
14320540
14323112
14323755
14324011
14324027
14324035
14324037*
14324557
14324559
14324560*
14324816
14324880
14324896
14324904
14324908
14324910*
14333470
14334756
14335399
14335919
14335921
14335922*
14335938
14335939*
14343655
14343783
14343815
14343831
14343839*
14343855
14343856*
14422638
14462029
14470589
14473161
14473804
14474060
14474076
14474084
14474086*
14482646
14483932
14484575
14485095
14485097
14485098*
14563880
14603271
14611831
14614403
14615046
14615302
14615318
14615326
14615328*
14615392
14615424
14615428
14615429*
14615493
14615525
14615529
14615530*
14615786
14615850
14615866
14615874
14615878
14615880*
14624440
14625726
14626369
14626889
14626891
14626892*
14634608
14634736
14634768
14634784
14634792*
14634808
14634809*
14634825
14634826*
14634890
14634922
14634926
14634927*
14642643
14642771
14642803
14642819
14642827*
14643347
14643349
14643350*
14722132
14761523
14770083
14772655
14773298
14773554
14773570
14773578
14773580*
14852362
14891753
14900313
14902885
14903528
14903784
14903800
14903808
14903810*
14982592
15021983
15030543
15033115
15033758
15034014
15034030
15034038
15034040*
15041756
15041884
15041916
15041932
15041940*
15042196
15042260
15042276
15042284
15042288
15042290*
15042354
15042386
15042390
15042391*
15042647
15042711
15042727
15042735
15042739
15042741*
15043261
15043263
15043264*
15043328
15043360
15043364
15043365*
15122147
15161538
15170098
15172670
15173313
15173569
15173585
15173593
15173595*
15182155
15183441
15184084
15184604
15184606
15184607*
15184623
15184624*
15192340
15192468
15192500
15192516
15192524*
15192588
15192620
15192624
15192625*
15193145
15193147
15193148*
15193668
15193670
15193671*
15272453
15311844
15320404
15322976
15323619
15323875
15323891
15323899
15323901*
15402683
15442074
15450634
15453206
15453849
15454105
15454121
15454129
15454131*
15454387
15454451
15454467
15454475
15454479
15454481*
15454545
15454577
15454581
15454582*
15533364
15572755
15581315
15583887
15584530
15584786
15584802
15584810
15584812*
15585332
15585334
15585335*
15585399
15585431
15585435
15585436*
15585452
15585453*
15585517
15585549
15585553
15585554*
15585810
15585874
15585890
15585898
15585902
15585904*
15664686
15704077
15712637
15715209
15715852
15716108
15716124
15716132
15716134*
15794916
15834307
15842867
15845439
15846082
15846338
15846354
15846362
15846364*
15846428
15846460
15846464
15846465*
15854181
15854309
15854341
15854357
15854365*
15862925
15864211
15864854
15865374
15865376
15865377*
15865393
15865394*
15873110
15873238
15873270
15873286
15873294*
15881010
15881138
15881170
15881186
15881194*
15881210
15881211*
15881467
15881531
15881547
15881555
15881559
15881561*
15881817
15881881
15881897
15881905
15881909
15881911*
15889627
15889755
15889787
15889803
15889811*
15897527
15897655
15897687
15897703
15897711*
15905427
15905555
15905587
15905603
15905611*
15914171
15915457
15916100
15916620
15916622
15916623*
15924339
15924467
15924499
15924515
15924523*
16003305
16042696
16051256
16053828
16054471
16054727
16054743
16054751
16054753*
16133535
16172926
16181486
16184058
16184701
16184957
16184973
16184981
16184983*
16185047
16185079
16185083
16185084*
16185148
16185180
16185184
16185185*
16193745
16195031
16195674
16196194
16196196
16196197*
16196717
16196719
16196720*
16196976
16197040
16197056
16197064
16197068
16197070*
16204786
16204914
16204946
16204962
16204970*
16205490
16205492
16205493*
16206013
16206015
16206016*
16284798
16324189
16332749
16335321
16335964
16336220
16336236
16336244
16336246*
16336310
16336342
16336346
16336347*
16415129
16454520
16463080
16465652
16466295
16466551
16466567
16466575
16466577*
16467097
16467099
16467100*
16467356
16467420
16467436
16467444
16467448
16467450*
16476010
16477296
16477939
16478459
16478461
16478462*
16486178
16486306
16486338
16486354
16486362*
16494922
16496208
16496851
16497371
16497373
16497374*
16497390
16497391*
16505951
16507237
16507880
16508400
16508402
16508403*
16508419
16508420*
16516980
16518266
16518909
16519429
16519431
16519432*
16519952
16519954
16519955*
16520211
16520275
16520291
16520299
16520303
16520305*
16520825
16520827
16520828*
16529388
16530674
16531317
16531837
16531839
16531840*
16531856
16531857*
16610639
16650030
16658590
16661162
16661805
16662061
16662077
16662085
16662087*
16740869
16780260
16788820
16791392
16792035
16792291
16792307
16792315
16792317*
16792573
16792637
16792653
16792661
16792665
16792667*
16793187
16793189
16793190*
16793206
16793207*
16793727
16793729
16793730*
16793794
16793826
16793830
16793831*
16794087
16794151
16794167
16794175
16794179
16794181*
16801897
16802025
16802057
16802073
16802081*
16802145
16802177
16802181
16802182*
16810742
16812028
16812671
16813191
16813193
16813194*
16813450
16813514
16813530
16813538
16813542
16813544*
16892326
16931717
16940277
16942849
16943492
16943748
16943764
16943772
16943774*
16944294
16944296
16944297*
16944553
16944617
16944633
16944641
16944645
16944647*
16953207
16954493
16955136
16955656
16955658
16955659*
17034441
17073832
17082392
17084964
17085607
17085863
17085879
17085887
17085889*
17094449
17095735
17096378
17096898
17096900
17096901*
17096917
17096918*
17097174
17097238
17097254
17097262
17097266
17097268*
17097332
17097364
17097368
17097369*
17097385
17097386*
17105946
17107232
17107875
17108395
17108397
17108398*
17108414
17108415*
17108431
17108432*
17108496
17108528
17108532
17108533*
17108549
17108550*
17108614
17108646
17108650
17108651*
17108907
17108971
17108987
17108995
17108999
17109001*
17116717
17116845
17116877
17116893
17116901*
17116917
17116918*
17124634
17124762
17124794
17124810
17124818*
17125074
17125138
17125154
17125162
17125166
17125168*
17125184
17125185*
17125705
17125707
17125708*
17204490
17243881
17252441
17255013
17255656
17255912
17255928
17255936
17255938*
17256002
17256034
17256038
17256039*
17256055
17256056*
17256576
17256578
17256579*
17256643
17256675
17256679
17256680*
17256936
17257000
17257016
17257024
17257028
17257030*
17257094
17257126
17257130
17257131*
17265691
17266977
17267620
17268140
17268142
17268143*
17346925
17386316
17394876
17397448
17398091
17398347
17398363
17398371
17398373*
17406089
17406217
17406249
17406265
17406273*
17413989
17414117
17414149
17414165
17414173*
17422733
17424019
17424662
17425182
17425184
17425185*
17425441
17425505
17425521
17425529
17425533
17425535*
17434095
17435381
17436024
17436544
17436546
17436547*
17445107
17446393
17447036
17447556
17447558
17447559*
17447575
17447576*
17447592
17447593*
17447849
17447913
17447929
17447937
17447941
17447943*
17448199
17448263
17448279
17448287
17448291
17448293*
17527075
17566466
17575026
17577598
17578241
17578497
17578513
17578521
17578523*
17578587
17578619
17578623
17578624*
17579144
17579146
17579147*
17579211
17579243
17579247
17579248*
17579264
17579265*
17586981
17587109
17587141
17587157
17587165*
17587685
17587687
17587688*
17596248
17597534
17598177
17598697
17598699
17598700*
17598764
17598796
17598800
17598801*
17607361
17608647
17609290
17609810
17609812
17609813*
17609877
17609909
17609913
17609914*
17617630
17617758
17617790
17617806
17617814*
17618334
17618336
17618337*
17618857
17618859
17618860*
17627420
17628706
17629349
17629869
17629871
17629872*
17630128
17630192
17630208
17630216
17630220
17630222*
17630238
17630239*
17630495
17630559
17630575
17630583
17630587
17630589*
17630845
17630909
17630925
17630933
17630937
17630939*
17631003
17631035
17631039
17631040*
17709822
17749213
17757773
17760345
17760988
17761244
17761260
17761268
17761270*
17761286
17761287*
17761807
17761809
17761810*
17769526
17769654
17769686
17769702
17769710*
17778270
17779556
17780199
17780719
17780721
17780722*
17789282
17790568
17791211
17791731
17791733
17791734*
17870516
17909907
17918467
17921039
17921682
17921938
17921954
17921962
17921964*
18000746
18040137
18048697
18051269
18051912
18052168
18052184
18052192
18052194*
18052258
18052290
18052294
18052295*
18052551
18052615
18052631
18052639
18052643
18052645*
18053165
18053167
18053168*
18053424
18053488
18053504
18053512
18053516
18053518*
18053582
18053614
18053618
18053619*
18061335
18061463
18061495
18061511
18061519*
18070079
18071365
18072008
18072528
18072530
18072531*
18072595
18072627
18072631
18072632*
18073152
18073154
18073155*
18073171
18073172*
18080888
18081016
18081048
18081064
18081072*
18081328
18081392
18081408
18081416
18081420
18081422*
18081678
18081742
18081758
18081766
18081770
18081772*
18090332
18091618
18092261
18092781
18092783
18092784*
18171566
18210957
18219517
18222089
18222732
18222988
18223004
18223012
18223014*
18223534
18223536
18223537*
18223553
18223554*
18223570
18223571*
18232131
18233417
18234060
18234580
18234582
18234583*
18234839
18234903
18234919
18234927
18234931
18234933*
18243493
18244779
18245422
18245942
18245944
18245945*
18245961
18245962*
18324744
18364135
18372695
18375267
18375910
18376166
18376182
18376190
18376192*
18376448
18376512
18376528
18376536
18376540
18376542*
18376798
18376862
18376878
18376886
18376890
18376892*
18376908
18376909*
18376973
18377005
18377009
18377010*
18377026
18377027*
18384743
18384871
18384903
18384919
18384927*
18392643
18392771
18392803
18392819
18392827*
18471609
18511000
18519560
18522132
18522775
18523031
18523047
18523055
18523057*
18523121
18523153
18523157
18523158*
18601940
18641331
18649891
18652463
18653106
18653362
18653378
18653386
18653388*
18732170
18771561
18780121
18782693
18783336
18783592
18783608
18783616
18783618*
18783634
18783635*
18862417
18901808
18910368
18912940
18913583
18913839
18913855
18913863
18913865*
18913881
18913882*
18914138
18914202
18914218
18914226
18914230
18914232*
18914488
18914552
18914568
18914576
18914580
18914582*
18922298
18922426
18922458
18922474
18922482*
18922546
18922578
18922582
18922583*
18931143
18932429
18933072
18933592
18933594
18933595*
19012377
19051768
19060328
19062900
19063543
19063799
19063815
19063823
19063825*
19064345
19064347
19064348*
19064604
19064668
19064684
19064692
19064696
19064698*
19073258
19074544
19075187
19075707
19075709
19075710*
19075774
19075806
19075810
19075811*
19154593
19193984
19202544
19205116
19205759
19206015
19206031
19206039
19206041*
19213757
19213885
19213917
19213933
19213941*
19213957
19213958*
19214478
19214480
19214481*
19214545
19214577
19214581
19214582*
19214646
19214678
19214682
19214683*
19222399
19222527
19222559
19222575
19222583*
19222599
19222600*
19231160
19232446
19233089
19233609
19233611
19233612*
19312394
19351785
19360345
19362917
19363560
19363816
19363832
19363840
19363842*
19363858
19363859*
19364115
19364179
19364195
19364203
19364207
19364209*
19372769
19374055
19374698
19375218
19375220
19375221*
19375237
19375238*
19454020
19493411
19501971
19504543
19505186
19505442
19505458
19505466
19505468*
19584250
19623641
19632201
19634773
19635416
19635672
19635688
19635696
19635698*
19644258
19645544
19646187
19646707
19646709
19646710*
19646774
19646806
19646810
19646811*
19646827
19646828*
19646844
19646845*
19646909
19646941
19646945
19646946*
19647010
19647042
19647046
19647047*
19647303
19647367
19647383
19647391
19647395
19647397*
19647461
19647493
19647497
19647498*
19655214
19655342
19655374
19655390
19655398*
19734180
19773571
19782131
19784703
19785346
19785602
19785618
19785626
19785628*
19864410
19903801
19912361
19914933
19915576
19915832
19915848
19915856
19915858*
19994640
20034031
20042591
20045163
20045806
20046062
20046078
20046086
20046088*
20053804
20053932
20053964
20053980
20053988*
20054004
20054005*
20061721
20061849
20061881
20061897
20061905*
20061969
20062001
20062005
20062006*
20062070
20062102
20062106
20062107*
20062171
20062203
20062207
20062208*
20062224
20062225*
20062745
20062747
20062748*
20062764
20062765*
20070481
20070609
20070641
20070657
20070665*
20070921
20070985
20071001
20071009
20071013
20071015*
20149797
20189188
20197748
20200320
20200963
20201219
20201235
20201243
20201245*
20201501
20201565
20201581
20201589
20201593
20201595*
20201851
20201915
20201931
20201939
20201943
20201945*
20202465
20202467
20202468*
20202988
20202990
20202991*
20210707
20210835
20210867
20210883
20210891*
20210907
20210908*
20289690
20329081
20337641
20340213
20340856
20341112
20341128
20341136
20341138*
20341154
20341155*
20341675
20341677
20341678*
20342198
20342200
20342201*
20420983
20460374
20468934
20471506
20472149
20472405
20472421
20472429
20472431*
20472447
20472448*
20551230
20590621
20599181
20601753
20602396
20602652
20602668
20602676
20602678*
20603198
20603200
20603201*
20603217
20603218*
20603738
20603740
20603741*
20682523
20721914
20730474
20733046
20733689
20733945
20733961
20733969
20733971*
20812753
20852144
20860704
20863276
20863919
20864175
20864191
20864199
20864201*
20864457
20864521
20864537
20864545
20864549
20864551*
20865071
20865073
20865074*
20872790
20872918
20872950
20872966
20872974*
20873230
20873294
20873310
20873318
20873322
20873324*
20952106
20991497
21000057
21002629
21003272
21003528
21003544
21003552
21003554*
21082336
21121727
21130287
21132859
21133502
21133758
21133774
21133782
21133784*
21134304
21134306
21134307*
21142023
21142151
21142183
21142199
21142207*
21220989
21260380
21268940
21271512
21272155
21272411
21272427
21272435
21272437*
21272693
21272757
21272773
21272781
21272785
21272787*
21273043
21273107
21273123
21273131
21273135
21273137*
21273153
21273154*
21273170
21273171*
21273427
21273491
21273507
21273515
21273519
21273521*
21273777
21273841
21273857
21273865
21273869
21273871*
21273887
21273888*
21281604
21281732
21281764
21281780
21281788*
21360570
21399961
21408521
21411093
21411736
21411992
21412008
21412016
21412018*
21490800
21530191
21538751
21541323
21541966
21542222
21542238
21542246
21542248*
21542264
21542265*
21542521
21542585
21542601
21542609
21542613
21542615*
21542679
21542711
21542715
21542716*
21543236
21543238
21543239*
21543495
21543559
21543575
21543583
21543587
21543589*
21544109
21544111
21544112*
21622894
21662285
21670845
21673417
21674060
21674316
21674332
21674340
21674342*
21674406
21674438
21674442
21674443*
21753225
21792616
21801176
21803748
21804391
21804647
21804663
21804671
21804673*
21804689
21804690*
21805210
21805212
21805213*
21805229
21805230*
21805246
21805247*
21805263
21805264*
21805328
21805360
21805364
21805365*
21884147
21923538
21932098
21934670
21935313
21935569
21935585
21935593
21935595*
21944155
21945441
21946084
21946604
21946606
21946607*
21946671
21946703
21946707
21946708*
21946724
21946725*
21955285
21956571
21957214
21957734
21957736
21957737*
21957753
21957754*
21957770
21957771*
21965487
21965615
21965647
21965663
21965671*
21974231
21975517
21976160
21976680
21976682
21976683*
