1
2
4*
8
16
18
19*
38
57
65
69*
88
92
93*
101*
202
221
222*
323
416
420*
642
661
665
666*
731
733
734*
835
892*
993
997
999*
1018
1022
1023*
1443
1512
1520*
3040
3262
3300
3316*
3538
3576
3592
3593*
3815
3880*
5400
5820
5889
5893
5894*
6917
7018
7037
7045
7046*
8566
9232
9251
9259*
9901
9909
9911*
10331
10369
10377
10379
10380*
11823
11842
11860*
12280
12288
12292
12294*
13186
13255
13256*
13579
13617
13625*
13847
13866
13867*
14089
14108
14116
14120
14122*
15642
15864
15902
15906
15908*
16931
17153
17222*
17956
18021*
18086
18088*
19111
19333
19402
19406
19407*
19508
19527*
20550
20651
20744
20748
20750*
20972
21029
21031
21032*
21254
21273
21289*
21511
21580
21588
21590*
22010
22018
22022
22024*
23544
23645
23683
23691
23695
23696*
23797
23835*
25355
26378
26443
26444*
26666
26704
26706*
27440
27456
27457*
28977
29397
29490
29494
29496*
29819
29837*
30571
30579
30583*
30684
30692
30696*
34576
34614
34618
34619*
34841
34879
34887
34891*
36411
37434
37757
37795
37811*
39331
39432
39451
39467
39468*
39690
39728
39744
39745*
39846
39915
39931
39932*
39970
39978
39980
39981*
43861
44884
44892
44896
44898*
45318
45419
45488
45489*
46131
46133
46134*
47026
47095
47103
47107
47109*
47432
47470
47478
47480*
48146
48165
48169*
49192
49293
49312*
49534
49603
49605
49606*
49607*
49829
49898
49906
49908
49909*
56955
56963
56967
56969
56970*
57805
57824
57840*
58163
58251
58252*
58986
59055
59063
59064*
59286
59343
59345*
60865
61285
61373
61375*
62895
63315
63416
63420*
63743
63762
63764*
64184
64285
64378
64380
64381*
65216
65235
65243
65247
65248*
66271
66493
66512
66516
66518
66519*
70399
71041
71049
71053
71055*
71721
71740
71744
71746*
72166
72185
72193
72195
72196*
72616
72818
72822
72824
72825*
73148
73167
73183*
73916*
74138
74195*
75218
75420
75428
75432*
75440
75444
75446
75447*
76108
76110
76111*
76212
76269
76270*
76593
76631
76639
76643
76645
76646*
76868
76925
76926*
77128*
77350
77419
77423
77425*
78448
78771
78790
78798
78802
78803*
78860
78862
78863*
79529
79567
79575
79577
79578*
79679
79748
79764*
80498
80567
80569*
80892
80896
80897*
81920
82243
82247
82248*
82349
82357
82361*
83095
83152
83153*
84673
85696
85797
85835
85843
85847*
86870
86939
86955
86956*
87376
87477
87515
87523
87525
87526*
87946
88047
88104
88108
88110
88111*
88212
88250
88258
88262
88263*
89783
90203
90304
90305*
90406
90414
90418*
91441
91764
91821
91823*
91892
91910*
93430
94453
94776
94814
94822
94826
94828
94829*
96349
96571
96609
96617
96618*
96941
97029*
100069
100088
100092
100094*
100417
100436
100444
100448*
100771
100840
100856
100857*
102300
102338
102346
102350
102352
102353*
102446
102450
102452*
102872
102973
103011
103019
103023
103025*
103082
103086
103088*
104608
104931
105000
105008
105009*
108602
108703
108741
108749
108753
108755
108756*
108857
108876
108892*
109312
109413
109470
109474
109476
109477*
110312
110350
110358
110362
110364
110365*
110785
110804
110812
110814
110815*
111838
111939
111958
111976*
113496
114939
114947
114948*
115170
115189
115193
115195
115196*
115519
115527
115531*
121425
121845
122047
122055*
122721
122723
122724*
123747
123785
123793
123797
123799*
123868
123872
123874
123875*
124097
124116
124124
124128
124130
124131*
124232
124270
124278
124282
124283*
127323
127361
127369
127371
127372*
127473
127530
127531*
127632
127636*
127737
127745
127749*
129269
129592
129600*
130599
130600*
130923
130961
130979*
131201
131209
131211
131212*
131304*
132824
133558
133596
133604*
133697
133699*
134119
134188
134192
134194*
135217
135439
135477
135479
135480*
137000
138023
138346
138434
138436*
138856
138957
139022
139024*
139444
139545
139564
139568*
139891
139960
139964*
141484*
141585
141604
141612
141616*
142282
142301
142309
142311*
142533
142571
142579
142581
142582*
143605
143928
143997
144005
144009
144010*
144902
144918*
146438
146531
146535
146537*
146759
146797
146805
146807
146808*
147831
147932
147997
147999
148000*
148069
148077
148079*
148813
148851
148852*
151892
151993
152031*
152451
152470
152472
152473*
152893
152901
152903
152904*
153126
153195
153203
153204*
156797
156898
156955
156959*
160275
160313
160317
160319*
161154
161170
161171*
162063
162082
162090*
163610
163832
163840
163844
163845*
164265
164366
164404
164420*
164743
164745
164746*
165166
165267
165324
165325*
165426
165445
165453
165455*
165556
165625
165633
165637
165639
165640*
165709
165717*
165818
165911
165915
165916*
166017
166036
166044
166048*
166270
166274
166275*
167795
167896
167965
167973
167975*
168998
169099
169137*
169359
169378
169394*
169495
169588
169590
169591*
170614
170715
170780
170781*
171201
171302
171304*
171405
171413
171414*
171636
171654*
171662
171664*
172084
172185
172223*
172643
172712
172720
172724
172726
172727*
172765
172769
172770*
172789
172793
172795*
173017
173086
173094
173098
173100*
173138*
173154*
174674
174896
174915
174933*
175956
176178
176216
176232*
177255
177477
177570
177572*
178407
178426
178434
178435*
179878
179935
179939
179941*
180010
180018*
181041
181142
181199
181203
181205*
181847
181851
181852*
181953
182046*
182462
182463*
183983
184982*
186005
186328
186397
186405
186406*
186826
186927
187020*
187440
187497
187501
187502*
187724
187762
187770
187772*
188664
188729
188731
188732*
188833
188871
188875
188877*
189297
189366
189367*
190887
191722
191760
191768
191772
191773*
191866
191870
191872*
192292
192296
192298*
193190
193194
193195*
193397
193405*
194848
194913
194915*
195649
195687
195695
195699
195701
195702*
196122
196160
196162*
196582
196683
196687
196688*
197108
197209
197228
197229*
198749
199584
199585*
199686
199690*
200713
200729*
203769
203870
203889
203893*
203950
203954
203956
203957*
207837
208498
208500
208501*
208558
208560*
210080
210302
210340
210348
210350*
214230
214650
214852
214854*
216374
216382
216383*
217406
217498*
222898
222999
223018
223020*
223343
223412
223420*
224443
224766
224785
224789
224790*
225113
225117
225119*
225539
225640
225709
225713*
226605
226624
226632
226636*
227056
227157
227176*
227277
227342
227344
227345*
231160
231168
231172
231174
231175*
231397
231405
231407*
231827
231928
231985
231986*
233429
233467
233471
233473
233474*
233696
233734
233736*
233793
233795*
234529
234548
234556
234557*
234977
235070
235074
235075*
235741
235760
235768
235772*
237292
237514
237583
237587
237589*
239109
239529
239548
239550
239551*
240193
240209*
240629
240667
240671
240673*
241565
241603
241607
241609
241610*
241832
241889
241893*
242785
242823
242831
242835
242837
242838*
243060
243061*
244581
245001
245070
245078
245082*
245086
245087*
245410
245479
245483*
245491
245495
245496*
246519
246576
246578
246579*
246801
246839
246855
246856*
248376
249399
249722
249741
249749
249753
249754*
249855*
251375
252398
252490*
252910
253112
253116
253118*
253219*
254739
255405
255424
255432
255436*
255501
255502*
255922
256023
256042
256050
256052
256053*
256091
256099
256103
256105
256106*
256429
256433
256435
256436*
260029
260048
260066*
260486
260587
260625
260633
260634*
261657
261980
261999
262007
262011
262012*
263035*
263455
263463
263465*
264199
264292
264294
264295*
264715
264723
264727
264729*
265621
265629
265633
265634*
269514
269934
270035
270054
270062*
271085
271186
271194*
271416
271435
271451
271452*
271674
271682
271683*
272103
272305
272313
272315*
272384*
273118
273156
273172*
273495
273514*
273615
273653
273661
273663
273664*
276980
277049*
277884
277903
277911
277915
277916*
278915
278931
278932*
279598
279617
279621
279622*
279844
279913
279921
279925
279926*
281446
282445
282453
282457
282459
282460*
282682
282690
282692*
283715
284038
284107
284111*
284434
284438*
285461
285683
285771*
285993
286058*
286474
286475*
286895
286964
286968
286969*
288489
288812
288881*
289904
289942
289950
289951*
290371
290472
290541
290545
290547
290548*
290968
291061
291065*
291485
291542
291546
291548*
292440
292497
292499*
294019
294120
294122
294123*
295643
296666
297082
297083*
300399
300500
300593
300597
300598*
302118
303010
303012*
304532
305555
305648
305652
305654
305655*
306678
306900
306969
306977
306981
306983
306984*
307650
307707
307711
307713
307714*
309234
309900
309919
309920*
311440
312952
312956
312958
312959*
316275
316277*
317797
318796
318804
318808
318810*
319476
319480*
320372
320410
320418
320422*
320745
320814
320815*
320908*
321009
321078
321086
321090
321092
321093*
322613
323033
323235
323253*
324276
324599
324618
324626
324630*
324731
324788*
325623
325661
325669
325671*
325893
325912
325920
325922*
327442
327765
327773
327777
327779
327780*
328803
328841
328843*
329263
329364
329372
329376*
329384
329388
329389*
329397
329398*
330040
330044
330045*
331038
331040
331041*
336935
337258
337346
337348*
337449
337518
337526
337530
337532*
337952
338053
338061
338063*
338898
338936
338940*
338978
338980*
340003
340326
340364
340380
340381*
340438
340442
340444
340445*
340667
340671
340673
340674*
340997
341016
341032*
341070
341074
341076*
342596
344039
344047
344051
344052*
344472
344573
344577
344579
344580*
345472
345541
345549*
346441
346498
346502
346504*
350384
351118
351156
351158
351159*
351893
351950
351952*
352844
352913
352917
352919
352920*
353021
353022*
354045
354267
354305
354306*
354407
354472
354474
354475*
355995
357018
357119
357137*
358029
358037
358041
358043
358044*
358145
358149*
358168
358169*
359689
359911
359930
359938
359939*
359977
359995*
361515
361838
361907
361911
361913*
362333
362335
362336*
363856
364078
364135
364139
364140*
365660
366683
366784
366853
366861
366865
366867
366868*
367891
367992
368061
368077
368078*
368300
368319
368327*
369350
369673*
370093
370095*
371615
372035
372136
372201
372203*
372526
372564
372565*
373588
373592*
373693
373731*
374151
374220
374224*
375247
375251
375252*
375986
376024
376032
376036
376038
376039*
377559
379071
379075*
380098
380191
380193*
380516
380524
380528
380530*
380538
380542*
380643
380700*
381120
381221
381240
381242
381243*
381663
381764
381833
381835
381836*
383279
383287
383291
383293
383294*
383714
383771
383775
383776*
383998
384036*
385059
385382
385451
385459
385461
385462*
386128
386166
386170
386172
386173*
386395
386452
386456*
387976
388077
388134
388136*
388155
388163
388165
388166*
389686
391129
391133*
392156
392194
392210*
392630
392731
392824
392828*
394271
394309
394317
394321
394322*
395842
395844*
396264
396302
396318*
397838
398861
399083
399148
399150*
399251
399339
399341*
400861
401083
401121
401125*
402645
402746
402784
402802*
402903
402972*
406012
406214
406222
406224
406225*
406867
406869
406870*
406971
407040
407048
407050*
407373
407411*
408434
408503
408505*
408925
409026
409045
409053
409057
409059
409060*
409952
410021
410025
410027*
411547
412570
412893
412950
412952*
412956
412958
412959*
414479
415314
415322
415326
415327*
416219
416288
416290*
417810
418833
418890
418894
418896*
419538
419556*
419976
419994*
421017
421239
421258
421260*
422283
422302
422310
422314*
423337
423345*
423353
423355
423356*
426672
426690*
428210
429233
429334
429353
429361*
429583
429675*
433555
433975
434076
434145
434153
434157
434158*
435050
435058
435062
435063*
436583
436684
436777
436781
436782*
438302
439137
439145
439149*
439883
439940
439944*
440943
440945*
441780
441782
441783*
441884
441888
441890
441891*
442783
442852
442868
442869*
442907*
443327
443331
443333*
443753
443955
443963
443964*
444698
444736
444754*
445077
445093*
446116
446439
446508
446512
446514*
446934
447035
447073
447074*
448097
448319
448323
448325*
449348
449550
449554
449555*
449975
450076
450164
450166*
450489
450497
450501*
451393
451462
451464
451465*
451566
451635
451643
451647*
454687
454756
454772
454773*
454995
454996*
455995
455999
456001
456002*
457025
457118
457119*
457539
457640
457709
457717
457718*
458452
458460
458462*
458563
458571
458573
458574*
459409
459413
459415*
459637
459656
459658
459659*
459881
459919
459927
459931
459932*
459989
459993*
460659
460663
460665*
460766
460835
460843
460845*
461067
461105
461107*
461200
461201*
461621
461722
461791
461795*
462813*
463648
463666*
464558
464615
464617
464618*
465453
465457
465459*
466101
466105
466106*
466526
466583*
467003
467041
467043
467044*
467464
467472
467473*
467561
467563*
469083
469099
469100*
469423
469492
469500
469504
469506
469507*
469608
469677*
473557
473658
473751
473755
473756*
474591
474629
474637
474639
474640*
474862
474881
474882*
474983
474987
474988*
475408
475477
475493
475494*
475532
475548
475549*
477069
477291
477310
477312
477313*
477370
477371*
478891
478910
478912
478913*
479236
479305
479313
479315
479316*
480339
480377
480393
480394*
480596
480604
480606*
481629
481730
481738
481740*
483183
483202
483218
483219*
484242
484565
484634
484650*
484751
484843*
485509
485517*
486409
486478
486494*
487386
487479
487483
487485*
489005
489227
489265
489273
489275
489276*
489696
489797
489835
489843
489847
489849*
489942
489946
489948
489949*
490050
490119
490127
490131*
491574
491631
491635
491637*
493157
494180
494199
494207
494211
494213
494214*
494436
494452*
494872
494891
494895
494897*
494898*
495921
495959
495967
495971
495972*
496807
496845
496853
496857
496859*
497882
497983
498076
498078*
499101
499424
499512
499513*
501033
501049*
501106
501110
501111*
502134
502199*
502933
503021
503022*
503115*
503950
503954
503956
503957*
504058
504127
504131
504133
504134*
505157
505176*
506199
506421
506490
506508*
507531
507733
507741
507745*
507846
507903
507907
507908*
508129*
508795
508833
508837*
510357
510458
510527
510535*
510757
510850
510852
510853*
511876
511945
511963*
512855
512948
512950
512951*
513974
514176
514178*
515070
515162*
516185
516273
516274*
517794
518817
519140
519148
519152*
520672
521695
521760
521762
521763*
523283
524726
524745*
526265
526685
526689
526690*
527013
527051
527055
527056*
528079
528180
528188
528192
528194*
529086
529124
529132
529133*
530653
530976
530995
530999
531001
531002*
531059
531061
531062*
532582
532683
532721*
532822
532891*
533783
533821
533837
533838*
535358
535681
535719
535727
535731*
536465
536522
536526
536528*
537551
537874
537943
537959
537960*
538380
538418
538420*
539940
540263
540282
540290
540292
540293*
540515
540608
540610
540611*
541503
541560
541564
541565*
542231
542250
542258
542262*
543285
543304*
544824
545147
545216
545217*
546737
547157
547226
547234
547238
547240
547241*
547443
547451
547455
547457*
548900
548919
548923
548924*
549344
549413
549421
549423
549424*
550447
550770
550808*
550909
550947
550963*
552483
552903
552922
552938*
556818
557238
557276
557280*
558800
558901
558920
558924
558926*
559027
559096
559104
559108*
559127
559143
559144*
560664
560765
560834
560850*
561873
562075
562091
562092*
563612
563814
563830
563831*
564154
564211
564215
564217*
564540
564556*
566076
567099
567321
567378
567379*
568045
568083
568091
568095*
569118
569187
569195
569196*
569519
569557
569561
569563*
569785
569823
569831*
571351
571573
571611
571615
571617*
571718
571734
571735*
572758
572980
572988
572992
572994*
574017
574036
574044
574045*
575565
576588
576911
576976
576978*
577398
577499
577518
577536*
578559
578660
578729
578733
578735
578736*
579628
579630*
580050
580151
580170
580174
580176
580177*
580278
580316
580324*
581216
581235
581239
581240*
582760
582861
582880*
584400
585292
585296
585298*
586321
586390
586398
586400*
586723
586731
586732*
588252
589087
589106
589122*
594522
594591
594595
594596*
594634*
594957
595022
595024*
596544
596645
596664
596672
596676
596678*
597098
597199
597207
597211
597213*
598733
599056
599094
599110
599111*
599434
599503
599507
599508*
599527
599535
599537*
601057
601949
602006
602008
602009*
603529
603750*
605270
605690
605759
605763
605765
605766*
606186
606287
606344
606348
606350*
606451
606470
606472
606473*
609513
609614
609683
609691
609693*
609786*
613666
614689
614911
614968*
615860
615929
615937
615938*
617458
617781
617819
617827
617828*
619348
619671
619740
619748
619749*
620772
620873
620942
620950
620954
620955*
621177
621265
621266*
622289
622612
622631
622635*
623055
623156
623175
623183
623187*
623389
623393*
623411*
623734
623772
623774
623775*
625295
625396
625465
625473
625477*
625570
625574
625576*
627096
627516
627617
627655
627657
627658*
628078
628179
628198
628216*
628285
628287*
628953
628991
628995
628996*
629730
629732
629733*
630153
630254
630311
630313*
630414
630483
630491
630493
630494*
632014
633457
633522
633523*
637403
637625
637644
637648
637650
637651*
638071
638172
638210
638214
638215*
639735
640758
640980
640988*
641190
641208*
642728
643148
643186*
643287
643356
643364*
644884
644953
644957
644959
644960*
646480
646581
646619
646627
646629
646630*
647653
647754
647762
647764
647765*
648431
648450
648458
648460*
649352
649390
649394
649396*
650916
650985
650993
650997*
651219
651227
651231
651233*
657127
657547
657616*
658350
658443
658444*
658545
658614
658622*
658945
658947*
660467
660887
660956
660960*
662480
662581
662650
662658
662660*
663080
663173
663177
663179
663180*
663600
663669
663677
663679*
664702
664803
664860
664861*
665083
665102
665118
665119*
665442
665511
665519
665521
665522*
665724
665726*
665827
665835
665836*
666159
666216
666217*
666637
666738
666776
666780
666781*
667804
668006
668014
668015*
668850
668888
668896
668900
668901*
672217
672236
672240
672241*
673264
673272
673276*
674299
674337*
675360
675582
675601
675602*
675824
675917
675921
675923*
679499
679503*
679923
680024
680062
680070
680074
680076*
680968
680976
680978*
681644
681663
681667*
684707
684808
684896
684898
684899*
685222
685260
685262
685263*
685586
685624
685628
685629*
687149
687250
687269
687287*
691167
692190
692412
692477
692478*
693998
694418
694511
694512*
695154
695162
695166
695168*
696688
697354
697392
697400
697404
697406
697407*
698927
699819
699911*
700934
701156
701194
701202
701204*
702227
702550
702558
702562
702564*
702984
703003
703019*
703120
703177
703178*
704698
704763
704765*
705185
705278
705279*
705380
705449
705457
705459
705460*
705561
705580
705588
705592
705593*
705694
705763
705771
705772*
707292
707361
707379*
707799
707900
707993
707994*
708059
708060*
708480
708682
708690
708694
708696*
709116
709318
709322
709324
709325*
709333*
710356
710449
710451
710452*
711118
711126
711127*
712647
713539
713577
713579*
714313
714370
714372*
715892
716312
716413
716451
716459
716463
716465*
717488
717811
717830
717832
717833*
719353
719575
719594
719610
719611*
720031
720132
720151
720155*
720575
720676
720714
720722
720726
720727*
722247
723270
723371
723409
723417
723421
723423
723424*
724423
724439
724440*
725174
725231
725235
725237
725238*
725972
725991*
726826
726845
726853
726855
726856*
727179
727197*
727931
727950
727952*
728174
728192*
728230
728246
728247*
729270
729492
729493*
733373
734039
734047
734048*
734105
734109
734111
734112*
734131
734135
734137
734138*
735658
735677
735685
735687*
738727
738796
738804
738805*
739471
739509
739513
739515
739516*
741036
741093
741095
741096*
741830
741887
741891
741892*
742915
743137
743225
743227*
743328
743397
743401
743402*
744425
744647
744655
744656*
744757
744795
744803
744805*
745539
745558
745559*
747079
747148
747156
747160*
747580
747681
747689
747691*
749211
750234
750335
750404
750406
750407*
750426
750442*
751441
751449
751451*
751673
751742
751746
751748*
752771
752872
752880*
753873
753875
753876*
753977
754042
754044
754045*
754937
754938*
755961
756183
756202*
756868
756906
756907*
757327
757428
757485
757489
757491
757492*
758935
758954
758958
758959*
760479
760899
761000
761065
761067*
761483
761485*
762377
762434
762438*
762531
762535*
762592*
762693
762762
762764*
763787
764009
764078
764086
764090*
765113
765132
765134*
766654
767546
767603
767604*
768024
768125
768163
768179
768180*
769179
769187
769191
769193*
769516
769532*
770424
770493
770501
770503
770504*
770605
770643
770647
770648*
771671
771893
771962
771970
771972
771973*
773493
774159
774197
774201
774202*
774868
774906
774910
774912*
775573
775574*
775994
776063
776071
776075
776076*
777596
777798
777799*
780839
780896
780900
780901*
780939
780941
780942*
781362
781463
781482
781486*
782220
782308
782310
782311*
782977
782979*
783080
783118
783136*
783174
783182
783184*
783285
783378
783382
783383*
783585
783593
783597*
784017
784055
784056*
784258
784266
784270
784272*
784274*
785717
785736
785744
785745*
785846
785865
785866*
786889
787212
787281
787289
787290*
787613
787651
787659
787661
787662*
788554
788623
788639
788640*
789475
789494
789498
789500*
789920
789924*
790947
791048
791086
791094
791098
791100
791101*
791202
791267
791269*
792268
792276
792280
792282
792283*
793803
794025
794029
794030*
794450
794488
794504
794505*
795504
795508
795509*
796243
796281
796289
796293
796294*
796617
796686
796694
796695*
796796
796853
796857
796859*
797081
797150
797166
797167*
797809*
798543
798612
798620
798624*
799358
799451
799455*
800290
800328
800330
800331*
801851
802874
803197
803262
803264
803265*
804157
804195
804203
804205
804206*
804307
804326
804328*
804336
804338
804339*
804343
804345*
805011
805013
805014*
805337
805406
805410
805412
805413*
805736
805801*
806023
806061
806079*
806813
806851*
807271
807372
807410
807426
807427*
807750
807788
807804
807805*
807824
807832
807836*
808058
808127
808135
808139
808140*
809133
809135
809136*
809358
809451
809453
809454*
810188
810196
810200
810202*
810936
810944
810946*
811269
811307
811311*
812310
812328*
813062
813081
813089
813091
813092*
813193
813201
813205
813207*
813873
813892
813900
813901*
814123
814127*
814228
814285
814287
814288*
814389
814397
814401
814402*
815922
817434
817438
817440*
817642
817658
817659*
817697
817705
817707*
818349
818350*
818572
818629*
818698
818706
818710
818711*
819131
819333
819341*
822934
823003
823011
823012*
823234
823272
823280
823284*
824804
825026
825045
825049
825051*
825471
825564
825566*
827086
827752
827790
827798
827802
827803*
829315
829316*
830836
830937
831030
831032*
832552
832774
832790
832791*
833114
833133
833151*
833571
833672
833741
833757*
833858
833866*
834758
834827*
834865
834873
834875*
835767
835805
835813
835817
835819
835820*
836712
836731
836739
836741
836742*
837408
837427
837443*
837766
837804
837808*
838228
838285
838289*
838709
838810
838818
838822
838823*
839243
839344
839382*
839483
839521
839525*
839544
839552
839556
839557*
841000
841004
841005*
844045
844247
844263
844264*
844684
844741
844742*
846262
846350
846352
846353*
847376
847477
847493*
847594
847613
847621
847625*
848359
848416
848420
848422*
848441
848449
848453
848454*
848777
848796
848812
848813*
848914
849007
849008*
849428
849529
849548
849552
849553*
849646
849650
849651*
850543
850612
850628*
851362
851400
851416
851417*
851638*
853158
854181
854504
854508
854510*
854611
854619
854623*
854845
854914
854930*
856450
857473
857796
857865
857883*
859403
860045
860047*
861567
862459
862467
862469
862470*
862571
862609
862611
862612*
863032
863133
863226*
867106
867308
867316*
868836
869159
869197
869205
869207*
869308
869309*
870201
870239
870247
870251*
871771
872437
872456*
872876
872945
872953*
874473
875308
875346
875354*
876874
877294
877496
877497*
877501
877503
877504*
877924
877993
878001
878002*
878103
878160
878162*
878263
878301
878309
878311*
881351
881553
881557
881559*
883079
884522
884540*
886060
886952
886971
886989*
888509
889401
889409
889413
889415
889416*
889836
889937
890006
890014*
897060
897148
897150
897151*
897159
897161*
898184
898406
898425
898441
898442*
899962
900382
900390
900394*
901837
901875
901883
901884*
902106
902175
902183
902185*
905778
905797
905805
905809*
906701
906720
906728
906732
906734*
908254
908323
908339*
908561
908580
908588*
909611
909934
910003
910011
910015
910017*
911460
911479
911487
911491
911492*
911815
911834
911836*
912159
912167*
912268
912333
912335
912336*
912558
912577
912585
912589*
912791
912807*
914327
914747
914785
914793
914794*
914996
915004
915008
915010
915011*
916531
916753
916822
916824*
917147
917166
917174
917178*
917400
917438
917440*
917541
917579
917583
917585*
918005
918106
918163
918167
918168*
918237*
918657
918745
918746*
918968
918987
918995
918999
919000*
920520
920742
920835
920839
920841
920842*
921262
921363
921382
921390*
921491
921560
921568
921572
921574
921575*
922467
922505
922513
922517
922519
922520*
922843
922881
922889
922893*
923627
923665
923681*
924573
924592
924594*
925617
925621
925622*
925630
925632
925633*
925956
925994
926002*
926021
926029
926033
926035
926036*
926128*
926451
926489
926507*
926526*
926946
926984
926992
926994
926995*
927096
927161
927163*
931043
931144
931201
931205
931207
931208*
932231
932300
932308
932312*
933335
933658
933696
933698*
933717
933725
933729*
934621
934678
934679*
936199
937642
937661
937662*
938497
938505
938507
938508*
939174
939193
939201
939203*
939623
939825
939833
939837*
940571
940590
940598*
942118
942219
942312
942316
942318*
943049
943050*
944073
944396
944415
944419*
944621
944637*
944859
944867*
945287
945388
945407*
945730
945768
945784*
947304
947627
947696
947704
947708
947710
947711*
949231
949554
949592
949594
949595*
950015
950116
950154
950162
950166
950167*
950205
950213
950215*
950316
950385
950393
950395
950396*
950719
950738
950740
950741*
952184
952203
952207
952209*
953232
953333
953371
953375
953377
953378*
953798
953802
953804
953805*
954027
954120
954124
954126
954127*
955647
955869
955877*
957397
957435
957437*
960477
960495*
961518
961611
961613*
961936
961944
961948
961950*
962785
962804
962808
962810*
962879
962887
962889
962890*
963310
963379
963397*
964131
964188
964190
964191*
965083
965091
965095*
965515
965584
965600
965601*
966624
966725
966794
966795*
967017
967109*
967147
967151
967153*
967988
968026
968034
968038*
968139
968177
968185
968189*
968290
968359
968377*
969897
969998
970006*
970107
970176
970178*
971698
972118
972126
972127*
973019
973038
973040*
973706
973725
973733
973735
973736*
974470
974478
974482
974483*
974584
974653
974655*
975075
975113
975121
975125
975127
975128*
976151
976252
976256
976258
976259*
976679
976772
976776
976778*
977670
977739
977741*
977760
977762*
978182
978283
978287
978289
978290*
978710
978811
978830
978834
978836
978837*
980357
980777
980785
980789
980790*
981210
981311
981349
981353
981354*
982377
982599
982687
982689*
983355
983371*
984891
985914
985971
985975
985977
985978*
987498
987599
987668
987676
987677*
987715
987723
987727*
989247
989981
990019
990037*
991557
991880
991899
991907
991911*
991927*
991996
992004
992005*
992840
992859
992860*
993526
993545*
995065
995731
995739
995743
995745
995746*
997266
998000
998038
998054
998055*
999078
999179
999198
999202
999204*
999305
999343*
