1
2
4
8
16
32
64
128
256
512
1024
2048
4096
4608
4864
4880
4881*
4913
4929
4933*
6981
7493
7749
7813
7845
7849*
9897
10921
11177
11305
11321
11329
11333
11334*
12358
12870
13126
13158
13174
13182
13186
13187*
18120
19144
19160
19168
19172
19174
19175*
29072
29200
29264
29268
29269*
30293
30805
31061
31065
31067*
31579
31835
31843
31844*
36452
36516
36518*
38566
38822
38950*
40998
42022
42278
42286
42288*
43312
43568
43632
43648
43652
43654*
44678
44742
44758
44760*
45272
45336
45344
45348*
45604
45668
45700
45708
45712*
45968
46096
46160
46192
46208
46216
46220
46221*
47245
47501
47533
47549
47553
47555
47556*
49604
50628
50756
50820
50836
50844
50848
50849*
55782
56806
57062
57126
57142
57150
57152
57153*
59201
59457
59521
59537
59545
59547*
60571
61083
61339
61467
61531
61563
61579
61587
61589*
61717
61718*
66651
67675
68187
68443
68571
68587
68591
68593
68594*
73527
74039
74103
74119
74127
74129*
79062
79318
79334
79335*
81383
82407
82919
83175
83303
83367
83375
83379*
83891
83955
83987
84003
84007
84009*
90990
91246
91374
91406
91422
91430
91431*
91943
92071
92135
92167
92183
92191
92193*
92705
92961
93089
93153
93185
93201
93209
93211*
98144
98400
98528
98560
98568
98572
98574
98575*
98831
98959
99023
99055
99071
99079
99083*
198166
396332
792664
1585328
3170656
6341312
12682624
25365248
38047872
41218528
41614860
41813026
41912109
41919958
41920982
41921494
41921750
41921814
41921846
41921847*
54604471
60945783
62531111
63323775
63720107
63918273
64002282
64007215
64007223*
89372471
90957799
91354131
91453214
91537223
91542156
91543180
91543436
91543564
91543596
91543612
91543620
91543621*
133465468
136636124
137428788
137825120
137882273
137882785
137883041
137883169
137883201
137883217
137883221
137883222*
192487693
193280357
193478523
193577606
193639324
193641372
193641628
193641756
193641820
193641852
193641868
193641869*
196812525
197605189
197637033
197639081
197639593
197639849
197639857
197639861
197639863*
210322487
213493143
215078471
215276637
215305906
215306418
215306546
215306548*
240671796
241068128
241118977
241120001
241120257
241120261
241120263
241120264*
244290920
244687252
244786335
244870344
244875277
244876301
244876813
244877069
244877197
244877213
244877217
244877219
244877220*
251218532
252803860
253596524
253794690
253851843
253852867
253853123
253853139
253853143
253853144*
257023800
258609128
259401792
259798124
259882133
259883157
259883165
259883167
259883168*
260081334
260180417
260219367
260220391
260220647
260220775
260220807
260220811
260220813*
285586061
291927373
292720037
292819120
292824053
292825077
292825589
292825845
292825973
292826037
292826069
292826077
292826081
292826082*
299167394
300752722
301149054
301248137
301279981
301282029
301282285
301282413
301282421
301282423*
355886894
359057550
360642878
361039210
361138293
361212422
361214470
361214982
361215238
361215366
361215370
361215372*
367556684
369142012
369187616
369187632
369187640
369187644
369187646*
394552894
400894206
401092372
401124216
401126264
401127288
401127800
401128056
401128120
401128128
401128130*
426493378
432834690
433627354
433635203
433635715
433635843
433635875
433635883
433635887
433635889
433635890*
446318514
447903842
448102008
448201091
448232935
448234983
448236007
448236135
448236151
448236155
448236157
448236158*
460918782
464089438
465674766
466071098
466269264
466276245
466276373
466276437
466276469
466276470*
604159692
610501004
612086332
612878996
613077162
613176245
613181178
613182202
613182714
613182778
613182794
613182798
613182799*
638548047
644889359
648060015
648852679
648951762
649008915
649009427
649009683
649009811
649009827
649009829
649009830*
650595158
650793324
650892407
650924251
650928347
650928603
650928731
650928735
650928737*
654099393
655684721
656081053
656083101
656083229
656083261
656083269
656083270*
668765894
675107206
676692534
676754252
676755276
676755788
676755852
676755860
676755864
676755866*
740763089
747104401
750275057
750473223
750572306
750608758
750608759*
775974007
782315319
783900647
784296979
784371018
784371050
784371058
784371062
784371064*
784470147
784520996
784523044
784523172
784523236
784523240
784523242
784523243*
790864555
792449883
793242547
793440713
793539796
793608390
793609414
793609670
793609798
793609830
793609834*
799951146
803121802
804707130
804905296
805004379
805088388
805090436
805090948
805090964
805090966*
811432278
814602934
814801100
814900183
814919358
814927207
814927719
814927727
814927728*
906471349
912812661
913605325
914001657
914199823
914229092
914229604
914229860
914229892
914229896*
978237119
990919743
997261055
998053719
998085563
998086587
998087099
998087131
998087147
998087151
998087152*
999672480
999870646
999969729
999998998
999999510
999999766
999999894
999999958
999999990
999999998
1000000000*
